2.05404600874
0.946149426394
3.02075781463
2.02897594554
0.94504145991
3.03836732595
1.91185859229
0.962178478098
3.07392291412
1.94426299844
0.952439433377
3.06004401881
1.96457061769
0.854786762996
3.01193178202
2.02478054597
0.914648123753
3.06385396255
2.00381119906
0.893257514485
3.0910760544
1.92770983839
0.845470596978
3.05196591287
1.95295813613
0.941700390953
3.09750755657
2.04028664748
0.89337050105
3.01959046206
1.93057510544
0.951150778111
3.06876627846
2.01628778334
0.928664026313
3.0888607064
2.05404600874
0.946149426394
3.02075781463
2.02897594554
0.94504145991
3.03836732595
1.91185859229
0.962178478098
3.07392291412
1.94426299844
0.952439433377
3.06004401881
1.96457061769
0.854786762996
3.01193178202
2.02478054597
0.914648123753
3.06385396255
2.00381119906
0.893257514485
3.0910760544
1.92770983839
0.845470596978
3.05196591287
1.95295813613
0.941700390953
3.09750755657
2.04028664748
0.89337050105
3.01959046206
1.93057510544
0.951150778111
3.06876627846
2.01628778334
0.928664026313
3.0888607064
2.05404600874
0.946149426394
3.02075781463
2.02897594554
0.94504145991
3.03836732595
1.91185859229
0.962178478098
3.07392291412
1.94426299844
0.952439433377
3.06004401881
1.96457061769
0.854786762996
3.01193178202
2.02478054597
0.914648123753
3.06385396255
2.00381119906
0.893257514485
3.0910760544
1.92770983839
0.845470596978
3.05196591287
1.95295813613
0.941700390953
3.09750755657
2.04028664748
0.89337050105
3.01959046206
1.93057510544
0.951150778111
3.06876627846
2.01628778334
0.928664026313
3.0888607064
2.05404600874
0.946149426394
3.02075781463
2.02897594554
0.94504145991
3.03836732595
1.91185859229
0.962178478098
3.07392291412
1.94426299844
0.952439433377
3.06004401881
1.96457061769
0.854786762996
3.01193178202
2.02478054597
0.914648123753
3.06385396255
2.00381119906
0.893257514485
3.0910760544
1.92770983839
0.845470596978
3.05196591287
1.95295813613
0.941700390953
3.09750755657
2.04028664748
0.89337050105
3.01959046206
1.93057510544
0.951150778111
3.06876627846
2.01628778334
0.928664026313
3.0888607064
2.05404600874
0.946149426394
3.02075781463
2.02897594554
0.94504145991
3.03836732595
1.91185859229
0.962178478098
3.07392291412
1.94426299844
0.952439433377
3.06004401881
1.96457061769
0.854786762996
3.01193178202
2.02478054597
0.914648123753
3.06385396255
2.00381119906
0.893257514485
3.0910760544
1.92770983839
0.845470596978
3.05196591287
1.95295813613
0.941700390953
3.09750755657
2.04028664748
0.89337050105
3.01959046206
1.93057510544
0.951150778111
3.06876627846
2.01628778334
0.928664026313
3.0888607064
