0.0867335720568
0.0824909905799
0.0858894019349
0.0748259258997
0.0765922613527
0.0849825012374
0.0839937234458
0.0851713749347
0.0896752224884
0.0832740918971
0.081547126402
0.0894924423718
0.0846306244362
0.092783516809
0.0744690380794
0.0783589382317
0.081547126402
0.0804971322239
0.0812565905501
0.0785029133685
0.0812470154617
0.0752819071726
0.0708485994912
0.0822064178747
0.0762781537991
0.0846739869666
0.0822320430425
0.0921258869808
0.0772671926592
0.0892730311575
0.0841234739703
0.0777699599335
0.0706135080787
0.0730575418828
0.0751562204692
0.0863549358096
0.0867335720568
0.0824909905799
0.0858894019349
0.0748259258997
0.0765922613527
0.0849825012374
0.0839937234458
0.0851713749347
0.0896752224884
0.0832740918971
0.081547126402
0.0894924423718
0.0846306244362
0.092783516809
0.0744690380794
0.0783589382317
0.081547126402
0.0804971322239
0.0812565905501
0.0785029133685
0.0812470154617
0.0752819071726
0.0708485994912
0.0822064178747
0.0762781537991
0.0846739869666
0.0822320430425
0.0921258869808
0.0772671926592
0.0892730311575
0.0841234739703
0.0777699599335
0.0706135080787
0.0730575418828
0.0751562204692
0.0863549358096
0.0867335720568
0.0824909905799
0.0858894019349
0.0748259258997
0.0765922613527
0.0849825012374
0.0839937234458
0.0851713749347
0.0896752224884
0.0832740918971
0.081547126402
0.0894924423718
0.0846306244362
0.092783516809
0.0744690380794
0.0783589382317
0.081547126402
0.0804971322239
0.0812565905501
0.0785029133685
0.0812470154617
0.0752819071726
0.0708485994912
0.0822064178747
0.0762781537991
0.0846739869666
0.0822320430425
0.0921258869808
0.0772671926592
0.0892730311575
0.0841234739703
0.0777699599335
0.0706135080787
0.0730575418828
0.0751562204692
0.0863549358096
0.0867335720568
0.0824909905799
0.0858894019349
0.0748259258997
0.0765922613527
0.0849825012374
0.0839937234458
0.0851713749347
0.0896752224884
0.0832740918971
0.081547126402
0.0894924423718
0.0846306244362
0.092783516809
0.0744690380794
0.0783589382317
0.081547126402
0.0804971322239
0.0812565905501
0.0785029133685
0.0812470154617
0.0752819071726
0.0708485994912
0.0822064178747
0.0762781537991
0.0846739869666
0.0822320430425
0.0921258869808
0.0772671926592
0.0892730311575
0.0841234739703
0.0777699599335
0.0706135080787
0.0730575418828
0.0751562204692
0.0863549358096
0.0867335720568
0.0824909905799
0.0858894019349
0.0748259258997
0.0765922613527
0.0849825012374
0.0839937234458
0.0851713749347
0.0896752224884
0.0832740918971
0.081547126402
0.0894924423718
0.0846306244362
0.092783516809
0.0744690380794
0.0783589382317
0.081547126402
0.0804971322239
0.0812565905501
0.0785029133685
0.0812470154617
0.0752819071726
0.0708485994912
0.0822064178747
0.0762781537991
0.0846739869666
0.0822320430425
0.0921258869808
0.0772671926592
0.0892730311575
0.0841234739703
0.0777699599335
0.0706135080787
0.0730575418828
0.0751562204692
0.0863549358096
