0.107099293103
0.102639200577
0.0896328543049
0.102835394635
0.0935951831053
0.0840283278074
0.0966190464871
0.113468102007
0.0915041036139
0.102584997352
0.102551309692
0.101068571668
0.117498518011
0.0902708405195
0.113160555323
0.100666043682
0.0959517254333
0.0849987373408
0.0896091251505
0.0996488451728
0.098291915165
0.0870642598875
0.0940157479516
0.121271644256
0.106731032509
0.103888583289
0.0909253892804
0.11614872315
0.105489906284
0.0812198652747
0.100635951559
0.0979812191181
0.105191432934
0.100246376222
0.0931088653247
0.0951419585984
0.107099293103
0.102639200577
0.0896328543049
0.102835394635
0.0935951831053
0.0840283278074
0.0966190464871
0.113468102007
0.0915041036139
0.102584997352
0.102551309692
0.101068571668
0.117498518011
0.0902708405195
0.113160555323
0.100666043682
0.0959517254333
0.0849987373408
0.0896091251505
0.0996488451728
0.098291915165
0.0870642598875
0.0940157479516
0.121271644256
0.106731032509
0.103888583289
0.0909253892804
0.11614872315
0.105489906284
0.0812198652747
0.100635951559
0.0979812191181
0.105191432934
0.100246376222
0.0931088653247
0.0951419585984
0.107099293103
0.102639200577
0.0896328543049
0.102835394635
0.0935951831053
0.0840283278074
0.0966190464871
0.113468102007
0.0915041036139
0.102584997352
0.102551309692
0.101068571668
0.117498518011
0.0902708405195
0.113160555323
0.100666043682
0.0959517254333
0.0849987373408
0.0896091251505
0.0996488451728
0.098291915165
0.0870642598875
0.0940157479516
0.121271644256
0.106731032509
0.103888583289
0.0909253892804
0.11614872315
0.105489906284
0.0812198652747
0.100635951559
0.0979812191181
0.105191432934
0.100246376222
0.0931088653247
0.0951419585984
0.107099293103
0.102639200577
0.0896328543049
0.102835394635
0.0935951831053
0.0840283278074
0.0966190464871
0.113468102007
0.0915041036139
0.102584997352
0.102551309692
0.101068571668
0.117498518011
0.0902708405195
0.113160555323
0.100666043682
0.0959517254333
0.0849987373408
0.0896091251505
0.0996488451728
0.098291915165
0.0870642598875
0.0940157479516
0.121271644256
0.106731032509
0.103888583289
0.0909253892804
0.11614872315
0.105489906284
0.0812198652747
0.100635951559
0.0979812191181
0.105191432934
0.100246376222
0.0931088653247
0.0951419585984
0.107099293103
0.102639200577
0.0896328543049
0.102835394635
0.0935951831053
0.0840283278074
0.0966190464871
0.113468102007
0.0915041036139
0.102584997352
0.102551309692
0.101068571668
0.117498518011
0.0902708405195
0.113160555323
0.100666043682
0.0959517254333
0.0849987373408
0.0896091251505
0.0996488451728
0.098291915165
0.0870642598875
0.0940157479516
0.121271644256
0.106731032509
0.103888583289
0.0909253892804
0.11614872315
0.105489906284
0.0812198652747
0.100635951559
0.0979812191181
0.105191432934
0.100246376222
0.0931088653247
0.0951419585984
