0.091948990261
0.0824426304976
0.0932889256364
0.110912481844
0.0888860571413
0.0832895264476
0.0985069050987
0.0838470251079
0.0875644774062
0.0858853330578
0.0836846139733
0.0880841771343
0.109334918279
0.0927160838592
0.0709079708612
0.108660801512
0.0868906799507
0.0878460443104
0.0983274519643
0.080923495432
0.0920480016518
0.0918870489997
0.0794332713023
0.0900757320867
0.0918313558977
0.0861814518108
0.0972066121332
0.101405867919
0.0864066594748
0.0825598621562
0.0950179259019
0.080900649608
0.0971937196651
0.0832145812691
0.0785666873804
0.084458314734
0.091948990261
0.0824426304976
0.0932889256364
0.110912481844
0.0888860571413
0.0832895264476
0.0985069050987
0.0838470251079
0.0875644774062
0.0858853330578
0.0836846139733
0.0880841771343
0.109334918279
0.0927160838592
0.0709079708612
0.108660801512
0.0868906799507
0.0878460443104
0.0983274519643
0.080923495432
0.0920480016518
0.0918870489997
0.0794332713023
0.0900757320867
0.0918313558977
0.0861814518108
0.0972066121332
0.101405867919
0.0864066594748
0.0825598621562
0.0950179259019
0.080900649608
0.0971937196651
0.0832145812691
0.0785666873804
0.084458314734
0.091948990261
0.0824426304976
0.0932889256364
0.110912481844
0.0888860571413
0.0832895264476
0.0985069050987
0.0838470251079
0.0875644774062
0.0858853330578
0.0836846139733
0.0880841771343
0.109334918279
0.0927160838592
0.0709079708612
0.108660801512
0.0868906799507
0.0878460443104
0.0983274519643
0.080923495432
0.0920480016518
0.0918870489997
0.0794332713023
0.0900757320867
0.0918313558977
0.0861814518108
0.0972066121332
0.101405867919
0.0864066594748
0.0825598621562
0.0950179259019
0.080900649608
0.0971937196651
0.0832145812691
0.0785666873804
0.084458314734
0.091948990261
0.0824426304976
0.0932889256364
0.110912481844
0.0888860571413
0.0832895264476
0.0985069050987
0.0838470251079
0.0875644774062
0.0858853330578
0.0836846139733
0.0880841771343
0.109334918279
0.0927160838592
0.0709079708612
0.108660801512
0.0868906799507
0.0878460443104
0.0983274519643
0.080923495432
0.0920480016518
0.0918870489997
0.0794332713023
0.0900757320867
0.0918313558977
0.0861814518108
0.0972066121332
0.101405867919
0.0864066594748
0.0825598621562
0.0950179259019
0.080900649608
0.0971937196651
0.0832145812691
0.0785666873804
0.084458314734
0.091948990261
0.0824426304976
0.0932889256364
0.110912481844
0.0888860571413
0.0832895264476
0.0985069050987
0.0838470251079
0.0875644774062
0.0858853330578
0.0836846139733
0.0880841771343
0.109334918279
0.0927160838592
0.0709079708612
0.108660801512
0.0868906799507
0.0878460443104
0.0983274519643
0.080923495432
0.0920480016518
0.0918870489997
0.0794332713023
0.0900757320867
0.0918313558977
0.0861814518108
0.0972066121332
0.101405867919
0.0864066594748
0.0825598621562
0.0950179259019
0.080900649608
0.0971937196651
0.0832145812691
0.0785666873804
0.084458314734
