0.0935658274357
0.0872314604597
0.0759734008415
0.0887274554821
0.0817501794954
0.0765450797392
0.077993659963
0.0886644709031
0.0788748418139
0.0729915146889
0.0724936892483
0.0800683854913
0.0804016417473
0.0782919371059
0.0670727811229
0.0727299608771
0.0756152651621
0.0727973954523
0.0768646925762
0.0822064178747
0.0692469360016
0.0823361302099
0.0842975575564
0.0728882199874
0.0876100374781
0.070556353421
0.0831434139812
0.0771572237336
0.0744896389375
0.0809668887581
0.0801807153467
0.081262626553
0.0905720779902
0.0759540607081
0.0752380031206
0.0803598862842
0.0935658274357
0.0872314604597
0.0759734008415
0.0887274554821
0.0817501794954
0.0765450797392
0.077993659963
0.0886644709031
0.0788748418139
0.0729915146889
0.0724936892483
0.0800683854913
0.0804016417473
0.0782919371059
0.0670727811229
0.0727299608771
0.0756152651621
0.0727973954523
0.0768646925762
0.0822064178747
0.0692469360016
0.0823361302099
0.0842975575564
0.0728882199874
0.0876100374781
0.070556353421
0.0831434139812
0.0771572237336
0.0744896389375
0.0809668887581
0.0801807153467
0.081262626553
0.0905720779902
0.0759540607081
0.0752380031206
0.0803598862842
0.0935658274357
0.0872314604597
0.0759734008415
0.0887274554821
0.0817501794954
0.0765450797392
0.077993659963
0.0886644709031
0.0788748418139
0.0729915146889
0.0724936892483
0.0800683854913
0.0804016417473
0.0782919371059
0.0670727811229
0.0727299608771
0.0756152651621
0.0727973954523
0.0768646925762
0.0822064178747
0.0692469360016
0.0823361302099
0.0842975575564
0.0728882199874
0.0876100374781
0.070556353421
0.0831434139812
0.0771572237336
0.0744896389375
0.0809668887581
0.0801807153467
0.081262626553
0.0905720779902
0.0759540607081
0.0752380031206
0.0803598862842
0.0935658274357
0.0872314604597
0.0759734008415
0.0887274554821
0.0817501794954
0.0765450797392
0.077993659963
0.0886644709031
0.0788748418139
0.0729915146889
0.0724936892483
0.0800683854913
0.0804016417473
0.0782919371059
0.0670727811229
0.0727299608771
0.0756152651621
0.0727973954523
0.0768646925762
0.0822064178747
0.0692469360016
0.0823361302099
0.0842975575564
0.0728882199874
0.0876100374781
0.070556353421
0.0831434139812
0.0771572237336
0.0744896389375
0.0809668887581
0.0801807153467
0.081262626553
0.0905720779902
0.0759540607081
0.0752380031206
0.0803598862842
0.0935658274357
0.0872314604597
0.0759734008415
0.0887274554821
0.0817501794954
0.0765450797392
0.077993659963
0.0886644709031
0.0788748418139
0.0729915146889
0.0724936892483
0.0800683854913
0.0804016417473
0.0782919371059
0.0670727811229
0.0727299608771
0.0756152651621
0.0727973954523
0.0768646925762
0.0822064178747
0.0692469360016
0.0823361302099
0.0842975575564
0.0728882199874
0.0876100374781
0.070556353421
0.0831434139812
0.0771572237336
0.0744896389375
0.0809668887581
0.0801807153467
0.081262626553
0.0905720779902
0.0759540607081
0.0752380031206
0.0803598862842
