0.084560540834
0.0673246288312
0.0790338290422
0.076776254124
0.0813544415128
0.0809175761409
0.0851389356712
0.0944805119659
0.0755517862378
0.076012247956
0.0740923806837
0.0892003524154
0.0730847439494
0.0776649966984
0.0714472359247
0.0872789015929
0.0790882687091
0.0679383331343
0.0887567844408
0.0729933829648
0.0863426285202
0.0816602718698
0.079644614702
0.0736623438587
0.07638017792
0.0756308802897
0.0760831053538
0.0826866489429
0.0770600635226
0.0798775743228
0.0745400621886
0.0688301994424
0.090408974764
0.0809254603948
0.0743808692358
0.0726184436632
0.084560540834
0.0673246288312
0.0790338290422
0.076776254124
0.0813544415128
0.0809175761409
0.0851389356712
0.0944805119659
0.0755517862378
0.076012247956
0.0740923806837
0.0892003524154
0.0730847439494
0.0776649966984
0.0714472359247
0.0872789015929
0.0790882687091
0.0679383331343
0.0887567844408
0.0729933829648
0.0863426285202
0.0816602718698
0.079644614702
0.0736623438587
0.07638017792
0.0756308802897
0.0760831053538
0.0826866489429
0.0770600635226
0.0798775743228
0.0745400621886
0.0688301994424
0.090408974764
0.0809254603948
0.0743808692358
0.0726184436632
0.084560540834
0.0673246288312
0.0790338290422
0.076776254124
0.0813544415128
0.0809175761409
0.0851389356712
0.0944805119659
0.0755517862378
0.076012247956
0.0740923806837
0.0892003524154
0.0730847439494
0.0776649966984
0.0714472359247
0.0872789015929
0.0790882687091
0.0679383331343
0.0887567844408
0.0729933829648
0.0863426285202
0.0816602718698
0.079644614702
0.0736623438587
0.07638017792
0.0756308802897
0.0760831053538
0.0826866489429
0.0770600635226
0.0798775743228
0.0745400621886
0.0688301994424
0.090408974764
0.0809254603948
0.0743808692358
0.0726184436632
0.084560540834
0.0673246288312
0.0790338290422
0.076776254124
0.0813544415128
0.0809175761409
0.0851389356712
0.0944805119659
0.0755517862378
0.076012247956
0.0740923806837
0.0892003524154
0.0730847439494
0.0776649966984
0.0714472359247
0.0872789015929
0.0790882687091
0.0679383331343
0.0887567844408
0.0729933829648
0.0863426285202
0.0816602718698
0.079644614702
0.0736623438587
0.07638017792
0.0756308802897
0.0760831053538
0.0826866489429
0.0770600635226
0.0798775743228
0.0745400621886
0.0688301994424
0.090408974764
0.0809254603948
0.0743808692358
0.0726184436632
0.084560540834
0.0673246288312
0.0790338290422
0.076776254124
0.0813544415128
0.0809175761409
0.0851389356712
0.0944805119659
0.0755517862378
0.076012247956
0.0740923806837
0.0892003524154
0.0730847439494
0.0776649966984
0.0714472359247
0.0872789015929
0.0790882687091
0.0679383331343
0.0887567844408
0.0729933829648
0.0863426285202
0.0816602718698
0.079644614702
0.0736623438587
0.07638017792
0.0756308802897
0.0760831053538
0.0826866489429
0.0770600635226
0.0798775743228
0.0745400621886
0.0688301994424
0.090408974764
0.0809254603948
0.0743808692358
0.0726184436632
