0.0928083876633
0.084098890023
0.0847570987623
0.102241613009
0.0861943606401
0.0915014433366
0.100179669825
0.0986339358927
0.0895250765468
0.0898330268383
0.093307532342
0.0954680193906
0.0894465851042
0.104101310485
0.101677751566
0.0895701491997
0.0974452004057
0.0826302436976
0.100447182279
0.0767190866473
0.0868698283483
0.104346973496
0.0905037396745
0.0837982672444
0.0950179259019
0.0936272684294
0.0876212624234
0.105825825257
0.103093234796
0.0827134941492
0.0862992790182
0.0933855687618
0.083288707786
0.103662889958
0.0928088289708
0.10332436058
0.0928083876633
0.084098890023
0.0847570987623
0.102241613009
0.0861943606401
0.0915014433366
0.100179669825
0.0986339358927
0.0895250765468
0.0898330268383
0.093307532342
0.0954680193906
0.0894465851042
0.104101310485
0.101677751566
0.0895701491997
0.0974452004057
0.0826302436976
0.100447182279
0.0767190866473
0.0868698283483
0.104346973496
0.0905037396745
0.0837982672444
0.0950179259019
0.0936272684294
0.0876212624234
0.105825825257
0.103093234796
0.0827134941492
0.0862992790182
0.0933855687618
0.083288707786
0.103662889958
0.0928088289708
0.10332436058
0.0928083876633
0.084098890023
0.0847570987623
0.102241613009
0.0861943606401
0.0915014433366
0.100179669825
0.0986339358927
0.0895250765468
0.0898330268383
0.093307532342
0.0954680193906
0.0894465851042
0.104101310485
0.101677751566
0.0895701491997
0.0974452004057
0.0826302436976
0.100447182279
0.0767190866473
0.0868698283483
0.104346973496
0.0905037396745
0.0837982672444
0.0950179259019
0.0936272684294
0.0876212624234
0.105825825257
0.103093234796
0.0827134941492
0.0862992790182
0.0933855687618
0.083288707786
0.103662889958
0.0928088289708
0.10332436058
0.0928083876633
0.084098890023
0.0847570987623
0.102241613009
0.0861943606401
0.0915014433366
0.100179669825
0.0986339358927
0.0895250765468
0.0898330268383
0.093307532342
0.0954680193906
0.0894465851042
0.104101310485
0.101677751566
0.0895701491997
0.0974452004057
0.0826302436976
0.100447182279
0.0767190866473
0.0868698283483
0.104346973496
0.0905037396745
0.0837982672444
0.0950179259019
0.0936272684294
0.0876212624234
0.105825825257
0.103093234796
0.0827134941492
0.0862992790182
0.0933855687618
0.083288707786
0.103662889958
0.0928088289708
0.10332436058
0.0928083876633
0.084098890023
0.0847570987623
0.102241613009
0.0861943606401
0.0915014433366
0.100179669825
0.0986339358927
0.0895250765468
0.0898330268383
0.093307532342
0.0954680193906
0.0894465851042
0.104101310485
0.101677751566
0.0895701491997
0.0974452004057
0.0826302436976
0.100447182279
0.0767190866473
0.0868698283483
0.104346973496
0.0905037396745
0.0837982672444
0.0950179259019
0.0936272684294
0.0876212624234
0.105825825257
0.103093234796
0.0827134941492
0.0862992790182
0.0933855687618
0.083288707786
0.103662889958
0.0928088289708
0.10332436058
