0.0719496883333
0.0802765505081
0.0763645275312
0.0778484126862
0.0821545963546
0.0771089803543
0.0825708899313
0.0722424271237
0.0779552849697
0.0853430850653
0.0839041717706
0.0841526300284
0.0714731558606
0.0834280455527
0.0762026339683
0.0717356588468
0.081613923532
0.0774158266243
0.0755949802439
0.0839945192142
0.0748411078475
0.0742412319277
0.0761532402614
0.0826798469903
0.0752565666401
0.088218546332
0.0775482396525
0.0810913704417
0.0759645883446
0.075579097127
0.0791037751037
0.0824951031086
0.0845430655667
0.0743613100473
0.0748952774585
0.0864563198369
0.0719496883333
0.0802765505081
0.0763645275312
0.0778484126862
0.0821545963546
0.0771089803543
0.0825708899313
0.0722424271237
0.0779552849697
0.0853430850653
0.0839041717706
0.0841526300284
0.0714731558606
0.0834280455527
0.0762026339683
0.0717356588468
0.081613923532
0.0774158266243
0.0755949802439
0.0839945192142
0.0748411078475
0.0742412319277
0.0761532402614
0.0826798469903
0.0752565666401
0.088218546332
0.0775482396525
0.0810913704417
0.0759645883446
0.075579097127
0.0791037751037
0.0824951031086
0.0845430655667
0.0743613100473
0.0748952774585
0.0864563198369
0.0719496883333
0.0802765505081
0.0763645275312
0.0778484126862
0.0821545963546
0.0771089803543
0.0825708899313
0.0722424271237
0.0779552849697
0.0853430850653
0.0839041717706
0.0841526300284
0.0714731558606
0.0834280455527
0.0762026339683
0.0717356588468
0.081613923532
0.0774158266243
0.0755949802439
0.0839945192142
0.0748411078475
0.0742412319277
0.0761532402614
0.0826798469903
0.0752565666401
0.088218546332
0.0775482396525
0.0810913704417
0.0759645883446
0.075579097127
0.0791037751037
0.0824951031086
0.0845430655667
0.0743613100473
0.0748952774585
0.0864563198369
0.0719496883333
0.0802765505081
0.0763645275312
0.0778484126862
0.0821545963546
0.0771089803543
0.0825708899313
0.0722424271237
0.0779552849697
0.0853430850653
0.0839041717706
0.0841526300284
0.0714731558606
0.0834280455527
0.0762026339683
0.0717356588468
0.081613923532
0.0774158266243
0.0755949802439
0.0839945192142
0.0748411078475
0.0742412319277
0.0761532402614
0.0826798469903
0.0752565666401
0.088218546332
0.0775482396525
0.0810913704417
0.0759645883446
0.075579097127
0.0791037751037
0.0824951031086
0.0845430655667
0.0743613100473
0.0748952774585
0.0864563198369
0.0719496883333
0.0802765505081
0.0763645275312
0.0778484126862
0.0821545963546
0.0771089803543
0.0825708899313
0.0722424271237
0.0779552849697
0.0853430850653
0.0839041717706
0.0841526300284
0.0714731558606
0.0834280455527
0.0762026339683
0.0717356588468
0.081613923532
0.0774158266243
0.0755949802439
0.0839945192142
0.0748411078475
0.0742412319277
0.0761532402614
0.0826798469903
0.0752565666401
0.088218546332
0.0775482396525
0.0810913704417
0.0759645883446
0.075579097127
0.0791037751037
0.0824951031086
0.0845430655667
0.0743613100473
0.0748952774585
0.0864563198369
