0.0826845608435
0.0753851712388
0.0725410436822
0.087097776969
0.0778208468491
0.0810147492887
0.0766314644893
0.0851840105091
0.074937443798
0.0824518233359
0.080190800914
0.0804505032737
0.0768659447289
0.0782103800847
0.075177367341
0.0773633116166
0.0869408389617
0.0787331521166
0.0792287701866
0.0843492125284
0.0856143279498
0.0728941705385
0.0922261311443
0.0881923996958
0.0896190105618
0.0910618078856
0.081757107586
0.0779307602476
0.0748334233159
0.0717920248271
0.0735499717887
0.0883058931179
0.0679553151892
0.0748339890235
0.0842985856723
0.0915154969773
0.0826845608435
0.0753851712388
0.0725410436822
0.087097776969
0.0778208468491
0.0810147492887
0.0766314644893
0.0851840105091
0.074937443798
0.0824518233359
0.080190800914
0.0804505032737
0.0768659447289
0.0782103800847
0.075177367341
0.0773633116166
0.0869408389617
0.0787331521166
0.0792287701866
0.0843492125284
0.0856143279498
0.0728941705385
0.0922261311443
0.0881923996958
0.0896190105618
0.0910618078856
0.081757107586
0.0779307602476
0.0748334233159
0.0717920248271
0.0735499717887
0.0883058931179
0.0679553151892
0.0748339890235
0.0842985856723
0.0915154969773
0.0826845608435
0.0753851712388
0.0725410436822
0.087097776969
0.0778208468491
0.0810147492887
0.0766314644893
0.0851840105091
0.074937443798
0.0824518233359
0.080190800914
0.0804505032737
0.0768659447289
0.0782103800847
0.075177367341
0.0773633116166
0.0869408389617
0.0787331521166
0.0792287701866
0.0843492125284
0.0856143279498
0.0728941705385
0.0922261311443
0.0881923996958
0.0896190105618
0.0910618078856
0.081757107586
0.0779307602476
0.0748334233159
0.0717920248271
0.0735499717887
0.0883058931179
0.0679553151892
0.0748339890235
0.0842985856723
0.0915154969773
0.0826845608435
0.0753851712388
0.0725410436822
0.087097776969
0.0778208468491
0.0810147492887
0.0766314644893
0.0851840105091
0.074937443798
0.0824518233359
0.080190800914
0.0804505032737
0.0768659447289
0.0782103800847
0.075177367341
0.0773633116166
0.0869408389617
0.0787331521166
0.0792287701866
0.0843492125284
0.0856143279498
0.0728941705385
0.0922261311443
0.0881923996958
0.0896190105618
0.0910618078856
0.081757107586
0.0779307602476
0.0748334233159
0.0717920248271
0.0735499717887
0.0883058931179
0.0679553151892
0.0748339890235
0.0842985856723
0.0915154969773
0.0826845608435
0.0753851712388
0.0725410436822
0.087097776969
0.0778208468491
0.0810147492887
0.0766314644893
0.0851840105091
0.074937443798
0.0824518233359
0.080190800914
0.0804505032737
0.0768659447289
0.0782103800847
0.075177367341
0.0773633116166
0.0869408389617
0.0787331521166
0.0792287701866
0.0843492125284
0.0856143279498
0.0728941705385
0.0922261311443
0.0881923996958
0.0896190105618
0.0910618078856
0.081757107586
0.0779307602476
0.0748334233159
0.0717920248271
0.0735499717887
0.0883058931179
0.0679553151892
0.0748339890235
0.0842985856723
0.0915154969773
