0.933935200533
0.850127961556
0.79675347212
1.08522680536
0.926496043168
0.795366604121
1.02958837691
0.853277695175
0.791360605526
1.06290935615
0.879300765224
0.835470978809
1.10156616726
0.873069898686
0.7820250744
1.05602833801
0.859920648769
0.853771311661
1.10046941654
0.832491672786
0.812845705991
1.1996400124
0.929975460982
0.808447245123
1.11272857546
0.891654057332
0.825215271591
1.12388247709
0.901012875553
0.798599596612
1.12433262305
0.859014008736
0.748899081356
1.09088319356
0.980514276785
0.74748028201
0.933935200533
0.850127961556
0.79675347212
1.08522680536
0.926496043168
0.795366604121
1.02958837691
0.853277695175
0.791360605526
1.06290935615
0.879300765224
0.835470978809
1.10156616726
0.873069898686
0.7820250744
1.05602833801
0.859920648769
0.853771311661
1.10046941654
0.832491672786
0.812845705991
1.1996400124
0.929975460982
0.808447245123
1.11272857546
0.891654057332
0.825215271591
1.12388247709
0.901012875553
0.798599596612
1.12433262305
0.859014008736
0.748899081356
1.09088319356
0.980514276785
0.74748028201
0.933935200533
0.850127961556
0.79675347212
1.08522680536
0.926496043168
0.795366604121
1.02958837691
0.853277695175
0.791360605526
1.06290935615
0.879300765224
0.835470978809
1.10156616726
0.873069898686
0.7820250744
1.05602833801
0.859920648769
0.853771311661
1.10046941654
0.832491672786
0.812845705991
1.1996400124
0.929975460982
0.808447245123
1.11272857546
0.891654057332
0.825215271591
1.12388247709
0.901012875553
0.798599596612
1.12433262305
0.859014008736
0.748899081356
1.09088319356
0.980514276785
0.74748028201
0.933935200533
0.850127961556
0.79675347212
1.08522680536
0.926496043168
0.795366604121
1.02958837691
0.853277695175
0.791360605526
1.06290935615
0.879300765224
0.835470978809
1.10156616726
0.873069898686
0.7820250744
1.05602833801
0.859920648769
0.853771311661
1.10046941654
0.832491672786
0.812845705991
1.1996400124
0.929975460982
0.808447245123
1.11272857546
0.891654057332
0.825215271591
1.12388247709
0.901012875553
0.798599596612
1.12433262305
0.859014008736
0.748899081356
1.09088319356
0.980514276785
0.74748028201
0.933935200533
0.850127961556
0.79675347212
1.08522680536
0.926496043168
0.795366604121
1.02958837691
0.853277695175
0.791360605526
1.06290935615
0.879300765224
0.835470978809
1.10156616726
0.873069898686
0.7820250744
1.05602833801
0.859920648769
0.853771311661
1.10046941654
0.832491672786
0.812845705991
1.1996400124
0.929975460982
0.808447245123
1.11272857546
0.891654057332
0.825215271591
1.12388247709
0.901012875553
0.798599596612
1.12433262305
0.859014008736
0.748899081356
1.09088319356
0.980514276785
0.74748028201
