0.0993721293853
0.0852754282019
0.0854401504576
0.101735768256
0.0825631961347
0.0881254464979
0.0898102001151
0.0928330528605
0.098869739329
0.0835901404258
0.086607586708
0.0870608909628
0.0832920089573
0.0756502206222
0.0740721057187
0.0898283997998
0.0902287148989
0.0879196103341
0.084349538452
0.0922486945881
0.0893237343649
0.0968620654871
0.079921473005
0.0792451965103
0.0998372791346
0.0789080637366
0.0773550785919
0.111624934776
0.0958855197952
0.0848616752489
0.114636091145
0.0860710844869
0.0788010837761
0.106589556553
0.0794535975884
0.0904224295435
0.0993721293853
0.0852754282019
0.0854401504576
0.101735768256
0.0825631961347
0.0881254464979
0.0898102001151
0.0928330528605
0.098869739329
0.0835901404258
0.086607586708
0.0870608909628
0.0832920089573
0.0756502206222
0.0740721057187
0.0898283997998
0.0902287148989
0.0879196103341
0.084349538452
0.0922486945881
0.0893237343649
0.0968620654871
0.079921473005
0.0792451965103
0.0998372791346
0.0789080637366
0.0773550785919
0.111624934776
0.0958855197952
0.0848616752489
0.114636091145
0.0860710844869
0.0788010837761
0.106589556553
0.0794535975884
0.0904224295435
0.0993721293853
0.0852754282019
0.0854401504576
0.101735768256
0.0825631961347
0.0881254464979
0.0898102001151
0.0928330528605
0.098869739329
0.0835901404258
0.086607586708
0.0870608909628
0.0832920089573
0.0756502206222
0.0740721057187
0.0898283997998
0.0902287148989
0.0879196103341
0.084349538452
0.0922486945881
0.0893237343649
0.0968620654871
0.079921473005
0.0792451965103
0.0998372791346
0.0789080637366
0.0773550785919
0.111624934776
0.0958855197952
0.0848616752489
0.114636091145
0.0860710844869
0.0788010837761
0.106589556553
0.0794535975884
0.0904224295435
0.0993721293853
0.0852754282019
0.0854401504576
0.101735768256
0.0825631961347
0.0881254464979
0.0898102001151
0.0928330528605
0.098869739329
0.0835901404258
0.086607586708
0.0870608909628
0.0832920089573
0.0756502206222
0.0740721057187
0.0898283997998
0.0902287148989
0.0879196103341
0.084349538452
0.0922486945881
0.0893237343649
0.0968620654871
0.079921473005
0.0792451965103
0.0998372791346
0.0789080637366
0.0773550785919
0.111624934776
0.0958855197952
0.0848616752489
0.114636091145
0.0860710844869
0.0788010837761
0.106589556553
0.0794535975884
0.0904224295435
0.0993721293853
0.0852754282019
0.0854401504576
0.101735768256
0.0825631961347
0.0881254464979
0.0898102001151
0.0928330528605
0.098869739329
0.0835901404258
0.086607586708
0.0870608909628
0.0832920089573
0.0756502206222
0.0740721057187
0.0898283997998
0.0902287148989
0.0879196103341
0.084349538452
0.0922486945881
0.0893237343649
0.0968620654871
0.079921473005
0.0792451965103
0.0998372791346
0.0789080637366
0.0773550785919
0.111624934776
0.0958855197952
0.0848616752489
0.114636091145
0.0860710844869
0.0788010837761
0.106589556553
0.0794535975884
0.0904224295435
