1.14989731138
1.03681731453
0.914563725837
1.18992974263
1.02068674875
0.96093969794
1.3148205927
1.08531451931
1.00000702261
1.22970775553
1.00415818883
0.953232521446
1.33414243283
0.993365841068
0.815934345423
1.40828323639
1.01822399508
0.861616247899
1.47637858835
1.01951706967
0.931749698551
1.52342235088
0.97894603851
0.858389190705
1.27659326356
1.06071942968
0.92550404672
1.30855665702
1.08779922059
0.884533985224
1.21123738503
0.994946381783
0.840011075279
1.25010130845
1.03342807421
0.902340553216
1.14989731138
1.03681731453
0.914563725837
1.18992974263
1.02068674875
0.96093969794
1.3148205927
1.08531451931
1.00000702261
1.22970775553
1.00415818883
0.953232521446
1.33414243283
0.993365841068
0.815934345423
1.40828323639
1.01822399508
0.861616247899
1.47637858835
1.01951706967
0.931749698551
1.52342235088
0.97894603851
0.858389190705
1.27659326356
1.06071942968
0.92550404672
1.30855665702
1.08779922059
0.884533985224
1.21123738503
0.994946381783
0.840011075279
1.25010130845
1.03342807421
0.902340553216
1.14989731138
1.03681731453
0.914563725837
1.18992974263
1.02068674875
0.96093969794
1.3148205927
1.08531451931
1.00000702261
1.22970775553
1.00415818883
0.953232521446
1.33414243283
0.993365841068
0.815934345423
1.40828323639
1.01822399508
0.861616247899
1.47637858835
1.01951706967
0.931749698551
1.52342235088
0.97894603851
0.858389190705
1.27659326356
1.06071942968
0.92550404672
1.30855665702
1.08779922059
0.884533985224
1.21123738503
0.994946381783
0.840011075279
1.25010130845
1.03342807421
0.902340553216
1.14989731138
1.03681731453
0.914563725837
1.18992974263
1.02068674875
0.96093969794
1.3148205927
1.08531451931
1.00000702261
1.22970775553
1.00415818883
0.953232521446
1.33414243283
0.993365841068
0.815934345423
1.40828323639
1.01822399508
0.861616247899
1.47637858835
1.01951706967
0.931749698551
1.52342235088
0.97894603851
0.858389190705
1.27659326356
1.06071942968
0.92550404672
1.30855665702
1.08779922059
0.884533985224
1.21123738503
0.994946381783
0.840011075279
1.25010130845
1.03342807421
0.902340553216
1.14989731138
1.03681731453
0.914563725837
1.18992974263
1.02068674875
0.96093969794
1.3148205927
1.08531451931
1.00000702261
1.22970775553
1.00415818883
0.953232521446
1.33414243283
0.993365841068
0.815934345423
1.40828323639
1.01822399508
0.861616247899
1.47637858835
1.01951706967
0.931749698551
1.52342235088
0.97894603851
0.858389190705
1.27659326356
1.06071942968
0.92550404672
1.30855665702
1.08779922059
0.884533985224
1.21123738503
0.994946381783
0.840011075279
1.25010130845
1.03342807421
0.902340553216
