0.0830611344899
0.0748613925373
0.0851022469563
0.0820028879066
0.0918100788931
0.0742773006777
0.0740488884277
0.07206258315
0.0759043021015
0.0731423223508
0.0733524710033
0.0834545874329
0.0763555315007
0.0782581923974
0.0772168627235
0.0697795975617
0.0737723190242
0.0864836595461
0.0712678677718
0.0786308761297
0.0671387911658
0.0698013182385
0.0771905094678
0.070070434584
0.0682750761425
0.070878978658
0.0870627833029
0.0757661934343
0.0733267086822
0.069471272619
0.0726549653933
0.0756550343107
0.0887090486945
0.0719836756281
0.0653753206037
0.071888555968
0.0830611344899
0.0748613925373
0.0851022469563
0.0820028879066
0.0918100788931
0.0742773006777
0.0740488884277
0.07206258315
0.0759043021015
0.0731423223508
0.0733524710033
0.0834545874329
0.0763555315007
0.0782581923974
0.0772168627235
0.0697795975617
0.0737723190242
0.0864836595461
0.0712678677718
0.0786308761297
0.0671387911658
0.0698013182385
0.0771905094678
0.070070434584
0.0682750761425
0.070878978658
0.0870627833029
0.0757661934343
0.0733267086822
0.069471272619
0.0726549653933
0.0756550343107
0.0887090486945
0.0719836756281
0.0653753206037
0.071888555968
0.0830611344899
0.0748613925373
0.0851022469563
0.0820028879066
0.0918100788931
0.0742773006777
0.0740488884277
0.07206258315
0.0759043021015
0.0731423223508
0.0733524710033
0.0834545874329
0.0763555315007
0.0782581923974
0.0772168627235
0.0697795975617
0.0737723190242
0.0864836595461
0.0712678677718
0.0786308761297
0.0671387911658
0.0698013182385
0.0771905094678
0.070070434584
0.0682750761425
0.070878978658
0.0870627833029
0.0757661934343
0.0733267086822
0.069471272619
0.0726549653933
0.0756550343107
0.0887090486945
0.0719836756281
0.0653753206037
0.071888555968
0.0830611344899
0.0748613925373
0.0851022469563
0.0820028879066
0.0918100788931
0.0742773006777
0.0740488884277
0.07206258315
0.0759043021015
0.0731423223508
0.0733524710033
0.0834545874329
0.0763555315007
0.0782581923974
0.0772168627235
0.0697795975617
0.0737723190242
0.0864836595461
0.0712678677718
0.0786308761297
0.0671387911658
0.0698013182385
0.0771905094678
0.070070434584
0.0682750761425
0.070878978658
0.0870627833029
0.0757661934343
0.0733267086822
0.069471272619
0.0726549653933
0.0756550343107
0.0887090486945
0.0719836756281
0.0653753206037
0.071888555968
0.0830611344899
0.0748613925373
0.0851022469563
0.0820028879066
0.0918100788931
0.0742773006777
0.0740488884277
0.07206258315
0.0759043021015
0.0731423223508
0.0733524710033
0.0834545874329
0.0763555315007
0.0782581923974
0.0772168627235
0.0697795975617
0.0737723190242
0.0864836595461
0.0712678677718
0.0786308761297
0.0671387911658
0.0698013182385
0.0771905094678
0.070070434584
0.0682750761425
0.070878978658
0.0870627833029
0.0757661934343
0.0733267086822
0.069471272619
0.0726549653933
0.0756550343107
0.0887090486945
0.0719836756281
0.0653753206037
0.071888555968
