0.0777703804755
0.084349538452
0.0736811875146
0.0797296485855
0.078189645751
0.0751245968924
0.0819120543216
0.0745127071348
0.0794478993157
0.0811535156097
0.0835245306107
0.0787220092756
0.0725593667546
0.0827076109409
0.0819621471746
0.0917123942726
0.0769948139387
0.0714869611668
0.0705261679965
0.0778319993646
0.0851680689336
0.0753889649753
0.0834160681879
0.0831263903978
0.0767087241903
0.0740368462444
0.0769569041337
0.075931697786
0.0727942779394
0.0707645522688
0.0831958647105
0.092296249649
0.0855564615594
0.0771536689454
0.0774474896209
0.0720028882591
0.0777703804755
0.084349538452
0.0736811875146
0.0797296485855
0.078189645751
0.0751245968924
0.0819120543216
0.0745127071348
0.0794478993157
0.0811535156097
0.0835245306107
0.0787220092756
0.0725593667546
0.0827076109409
0.0819621471746
0.0917123942726
0.0769948139387
0.0714869611668
0.0705261679965
0.0778319993646
0.0851680689336
0.0753889649753
0.0834160681879
0.0831263903978
0.0767087241903
0.0740368462444
0.0769569041337
0.075931697786
0.0727942779394
0.0707645522688
0.0831958647105
0.092296249649
0.0855564615594
0.0771536689454
0.0774474896209
0.0720028882591
0.0777703804755
0.084349538452
0.0736811875146
0.0797296485855
0.078189645751
0.0751245968924
0.0819120543216
0.0745127071348
0.0794478993157
0.0811535156097
0.0835245306107
0.0787220092756
0.0725593667546
0.0827076109409
0.0819621471746
0.0917123942726
0.0769948139387
0.0714869611668
0.0705261679965
0.0778319993646
0.0851680689336
0.0753889649753
0.0834160681879
0.0831263903978
0.0767087241903
0.0740368462444
0.0769569041337
0.075931697786
0.0727942779394
0.0707645522688
0.0831958647105
0.092296249649
0.0855564615594
0.0771536689454
0.0774474896209
0.0720028882591
0.0777703804755
0.084349538452
0.0736811875146
0.0797296485855
0.078189645751
0.0751245968924
0.0819120543216
0.0745127071348
0.0794478993157
0.0811535156097
0.0835245306107
0.0787220092756
0.0725593667546
0.0827076109409
0.0819621471746
0.0917123942726
0.0769948139387
0.0714869611668
0.0705261679965
0.0778319993646
0.0851680689336
0.0753889649753
0.0834160681879
0.0831263903978
0.0767087241903
0.0740368462444
0.0769569041337
0.075931697786
0.0727942779394
0.0707645522688
0.0831958647105
0.092296249649
0.0855564615594
0.0771536689454
0.0774474896209
0.0720028882591
0.0777703804755
0.084349538452
0.0736811875146
0.0797296485855
0.078189645751
0.0751245968924
0.0819120543216
0.0745127071348
0.0794478993157
0.0811535156097
0.0835245306107
0.0787220092756
0.0725593667546
0.0827076109409
0.0819621471746
0.0917123942726
0.0769948139387
0.0714869611668
0.0705261679965
0.0778319993646
0.0851680689336
0.0753889649753
0.0834160681879
0.0831263903978
0.0767087241903
0.0740368462444
0.0769569041337
0.075931697786
0.0727942779394
0.0707645522688
0.0831958647105
0.092296249649
0.0855564615594
0.0771536689454
0.0774474896209
0.0720028882591
