0.114081328131
0.104121193348
0.079277583305
0.110876199926
0.0994285305492
0.100461523455
0.131038470308
0.104784087207
0.0958681245498
0.116083711071
0.0984675593162
0.0876703066639
0.0991048657399
0.0911816180325
0.113657531723
0.108832310611
0.0856553556161
0.111198100171
0.0985091266618
0.106818543198
0.104708449599
0.102502469167
0.0855365248334
0.100599937799
0.113453681128
0.100609164672
0.0888567798858
0.131051342431
0.0954705140173
0.102610493601
0.100622460946
0.108823468307
0.0951409291175
0.112198560244
0.0926619981699
0.101762685984
0.114081328131
0.104121193348
0.079277583305
0.110876199926
0.0994285305492
0.100461523455
0.131038470308
0.104784087207
0.0958681245498
0.116083711071
0.0984675593162
0.0876703066639
0.0991048657399
0.0911816180325
0.113657531723
0.108832310611
0.0856553556161
0.111198100171
0.0985091266618
0.106818543198
0.104708449599
0.102502469167
0.0855365248334
0.100599937799
0.113453681128
0.100609164672
0.0888567798858
0.131051342431
0.0954705140173
0.102610493601
0.100622460946
0.108823468307
0.0951409291175
0.112198560244
0.0926619981699
0.101762685984
0.114081328131
0.104121193348
0.079277583305
0.110876199926
0.0994285305492
0.100461523455
0.131038470308
0.104784087207
0.0958681245498
0.116083711071
0.0984675593162
0.0876703066639
0.0991048657399
0.0911816180325
0.113657531723
0.108832310611
0.0856553556161
0.111198100171
0.0985091266618
0.106818543198
0.104708449599
0.102502469167
0.0855365248334
0.100599937799
0.113453681128
0.100609164672
0.0888567798858
0.131051342431
0.0954705140173
0.102610493601
0.100622460946
0.108823468307
0.0951409291175
0.112198560244
0.0926619981699
0.101762685984
0.114081328131
0.104121193348
0.079277583305
0.110876199926
0.0994285305492
0.100461523455
0.131038470308
0.104784087207
0.0958681245498
0.116083711071
0.0984675593162
0.0876703066639
0.0991048657399
0.0911816180325
0.113657531723
0.108832310611
0.0856553556161
0.111198100171
0.0985091266618
0.106818543198
0.104708449599
0.102502469167
0.0855365248334
0.100599937799
0.113453681128
0.100609164672
0.0888567798858
0.131051342431
0.0954705140173
0.102610493601
0.100622460946
0.108823468307
0.0951409291175
0.112198560244
0.0926619981699
0.101762685984
0.114081328131
0.104121193348
0.079277583305
0.110876199926
0.0994285305492
0.100461523455
0.131038470308
0.104784087207
0.0958681245498
0.116083711071
0.0984675593162
0.0876703066639
0.0991048657399
0.0911816180325
0.113657531723
0.108832310611
0.0856553556161
0.111198100171
0.0985091266618
0.106818543198
0.104708449599
0.102502469167
0.0855365248334
0.100599937799
0.113453681128
0.100609164672
0.0888567798858
0.131051342431
0.0954705140173
0.102610493601
0.100622460946
0.108823468307
0.0951409291175
0.112198560244
0.0926619981699
0.101762685984
