0.83775455506
0.587363849781
0.62471737844
0.907686885501
0.677804271662
0.590705012131
0.945150142119
0.648767757307
0.596502423759
0.825081250002
0.597900686904
0.593685816544
0.860957128663
0.684502623176
0.57579705365
0.726251563424
0.668138671911
0.615111894727
0.842911197577
0.675191811285
0.544985082011
0.782768047567
0.63946459328
0.623225228976
0.801032021319
0.688122724928
0.614334792891
0.897852234511
0.69818048125
0.502994779563
0.805557614328
0.651647001406
0.618986927853
0.782376625825
0.635822204603
0.509280242737
0.83775455506
0.587363849781
0.62471737844
0.907686885501
0.677804271662
0.590705012131
0.945150142119
0.648767757307
0.596502423759
0.825081250002
0.597900686904
0.593685816544
0.860957128663
0.684502623176
0.57579705365
0.726251563424
0.668138671911
0.615111894727
0.842911197577
0.675191811285
0.544985082011
0.782768047567
0.63946459328
0.623225228976
0.801032021319
0.688122724928
0.614334792891
0.897852234511
0.69818048125
0.502994779563
0.805557614328
0.651647001406
0.618986927853
0.782376625825
0.635822204603
0.509280242737
0.83775455506
0.587363849781
0.62471737844
0.907686885501
0.677804271662
0.590705012131
0.945150142119
0.648767757307
0.596502423759
0.825081250002
0.597900686904
0.593685816544
0.860957128663
0.684502623176
0.57579705365
0.726251563424
0.668138671911
0.615111894727
0.842911197577
0.675191811285
0.544985082011
0.782768047567
0.63946459328
0.623225228976
0.801032021319
0.688122724928
0.614334792891
0.897852234511
0.69818048125
0.502994779563
0.805557614328
0.651647001406
0.618986927853
0.782376625825
0.635822204603
0.509280242737
0.83775455506
0.587363849781
0.62471737844
0.907686885501
0.677804271662
0.590705012131
0.945150142119
0.648767757307
0.596502423759
0.825081250002
0.597900686904
0.593685816544
0.860957128663
0.684502623176
0.57579705365
0.726251563424
0.668138671911
0.615111894727
0.842911197577
0.675191811285
0.544985082011
0.782768047567
0.63946459328
0.623225228976
0.801032021319
0.688122724928
0.614334792891
0.897852234511
0.69818048125
0.502994779563
0.805557614328
0.651647001406
0.618986927853
0.782376625825
0.635822204603
0.509280242737
0.83775455506
0.587363849781
0.62471737844
0.907686885501
0.677804271662
0.590705012131
0.945150142119
0.648767757307
0.596502423759
0.825081250002
0.597900686904
0.593685816544
0.860957128663
0.684502623176
0.57579705365
0.726251563424
0.668138671911
0.615111894727
0.842911197577
0.675191811285
0.544985082011
0.782768047567
0.63946459328
0.623225228976
0.801032021319
0.688122724928
0.614334792891
0.897852234511
0.69818048125
0.502994779563
0.805557614328
0.651647001406
0.618986927853
0.782376625825
0.635822204603
0.509280242737
