0.0932173221091
0.0882857744133
0.0855528348294
0.0750180059423
0.0971868034602
0.0862944064099
0.0893559376864
0.075367778683
0.0851375284635
0.0852913517609
0.081586191276
0.084719681311
0.0853678991047
0.093067346431
0.0773995895632
0.0757494190667
0.0806950179463
0.0904512544285
0.0912783944948
0.0896002198452
0.102201923041
0.0801405379654
0.0856195922953
0.0825875485587
0.0874375096892
0.0795981410904
0.0839993770155
0.0835900502421
0.080226126001
0.086367926563
0.0900331215677
0.0884505480144
0.0881344074172
0.086960083257
0.090346914319
0.082029223891
0.0932173221091
0.0882857744133
0.0855528348294
0.0750180059423
0.0971868034602
0.0862944064099
0.0893559376864
0.075367778683
0.0851375284635
0.0852913517609
0.081586191276
0.084719681311
0.0853678991047
0.093067346431
0.0773995895632
0.0757494190667
0.0806950179463
0.0904512544285
0.0912783944948
0.0896002198452
0.102201923041
0.0801405379654
0.0856195922953
0.0825875485587
0.0874375096892
0.0795981410904
0.0839993770155
0.0835900502421
0.080226126001
0.086367926563
0.0900331215677
0.0884505480144
0.0881344074172
0.086960083257
0.090346914319
0.082029223891
0.0932173221091
0.0882857744133
0.0855528348294
0.0750180059423
0.0971868034602
0.0862944064099
0.0893559376864
0.075367778683
0.0851375284635
0.0852913517609
0.081586191276
0.084719681311
0.0853678991047
0.093067346431
0.0773995895632
0.0757494190667
0.0806950179463
0.0904512544285
0.0912783944948
0.0896002198452
0.102201923041
0.0801405379654
0.0856195922953
0.0825875485587
0.0874375096892
0.0795981410904
0.0839993770155
0.0835900502421
0.080226126001
0.086367926563
0.0900331215677
0.0884505480144
0.0881344074172
0.086960083257
0.090346914319
0.082029223891
0.0932173221091
0.0882857744133
0.0855528348294
0.0750180059423
0.0971868034602
0.0862944064099
0.0893559376864
0.075367778683
0.0851375284635
0.0852913517609
0.081586191276
0.084719681311
0.0853678991047
0.093067346431
0.0773995895632
0.0757494190667
0.0806950179463
0.0904512544285
0.0912783944948
0.0896002198452
0.102201923041
0.0801405379654
0.0856195922953
0.0825875485587
0.0874375096892
0.0795981410904
0.0839993770155
0.0835900502421
0.080226126001
0.086367926563
0.0900331215677
0.0884505480144
0.0881344074172
0.086960083257
0.090346914319
0.082029223891
0.0932173221091
0.0882857744133
0.0855528348294
0.0750180059423
0.0971868034602
0.0862944064099
0.0893559376864
0.075367778683
0.0851375284635
0.0852913517609
0.081586191276
0.084719681311
0.0853678991047
0.093067346431
0.0773995895632
0.0757494190667
0.0806950179463
0.0904512544285
0.0912783944948
0.0896002198452
0.102201923041
0.0801405379654
0.0856195922953
0.0825875485587
0.0874375096892
0.0795981410904
0.0839993770155
0.0835900502421
0.080226126001
0.086367926563
0.0900331215677
0.0884505480144
0.0881344074172
0.086960083257
0.090346914319
0.082029223891
