0.102917757003
0.0994418454613
0.0953517647033
0.157769959934
0.119344739273
0.126491300192
0.113205822846
0.12226016891
0.111527538551
0.138427801245
0.114841480733
0.10588654532
0.125274233747
0.124467115888
0.102874337703
0.113122535734
0.125020932086
0.110980102882
0.130091280987
0.107739665787
0.128492022962
0.12006303845
0.116041263438
0.118742621953
0.120986346007
0.117624647439
0.115251512665
0.12280420262
0.110363881158
0.101250551367
0.12637027523
0.129189382341
0.0895757634984
0.128573113402
0.107921880444
0.115411072611
0.102917757003
0.0994418454613
0.0953517647033
0.157769959934
0.119344739273
0.126491300192
0.113205822846
0.12226016891
0.111527538551
0.138427801245
0.114841480733
0.10588654532
0.125274233747
0.124467115888
0.102874337703
0.113122535734
0.125020932086
0.110980102882
0.130091280987
0.107739665787
0.128492022962
0.12006303845
0.116041263438
0.118742621953
0.120986346007
0.117624647439
0.115251512665
0.12280420262
0.110363881158
0.101250551367
0.12637027523
0.129189382341
0.0895757634984
0.128573113402
0.107921880444
0.115411072611
0.102917757003
0.0994418454613
0.0953517647033
0.157769959934
0.119344739273
0.126491300192
0.113205822846
0.12226016891
0.111527538551
0.138427801245
0.114841480733
0.10588654532
0.125274233747
0.124467115888
0.102874337703
0.113122535734
0.125020932086
0.110980102882
0.130091280987
0.107739665787
0.128492022962
0.12006303845
0.116041263438
0.118742621953
0.120986346007
0.117624647439
0.115251512665
0.12280420262
0.110363881158
0.101250551367
0.12637027523
0.129189382341
0.0895757634984
0.128573113402
0.107921880444
0.115411072611
0.102917757003
0.0994418454613
0.0953517647033
0.157769959934
0.119344739273
0.126491300192
0.113205822846
0.12226016891
0.111527538551
0.138427801245
0.114841480733
0.10588654532
0.125274233747
0.124467115888
0.102874337703
0.113122535734
0.125020932086
0.110980102882
0.130091280987
0.107739665787
0.128492022962
0.12006303845
0.116041263438
0.118742621953
0.120986346007
0.117624647439
0.115251512665
0.12280420262
0.110363881158
0.101250551367
0.12637027523
0.129189382341
0.0895757634984
0.128573113402
0.107921880444
0.115411072611
0.102917757003
0.0994418454613
0.0953517647033
0.157769959934
0.119344739273
0.126491300192
0.113205822846
0.12226016891
0.111527538551
0.138427801245
0.114841480733
0.10588654532
0.125274233747
0.124467115888
0.102874337703
0.113122535734
0.125020932086
0.110980102882
0.130091280987
0.107739665787
0.128492022962
0.12006303845
0.116041263438
0.118742621953
0.120986346007
0.117624647439
0.115251512665
0.12280420262
0.110363881158
0.101250551367
0.12637027523
0.129189382341
0.0895757634984
0.128573113402
0.107921880444
0.115411072611
