0.0786647954512
0.0865566007673
0.0815099745693
0.0732912086439
0.0814097111082
0.0797852053425
0.0774718056622
0.0910779633267
0.082701633599
0.0695363108075
0.0859936875066
0.0763385621752
0.0881372254322
0.0731966409083
0.06521939462
0.0840371719879
0.0818353533833
0.0797852053425
0.0787005136996
0.0825228201425
0.0826814054193
0.0831036112314
0.0694604548961
0.0797455863741
0.0827203432744
0.0859974841104
0.0802757543262
0.0767110203232
0.0819136659193
0.0741007197142
0.079585156304
0.0774254589473
0.0700764576668
0.0864563198369
0.0808081425019
0.0823123104856
0.0786647954512
0.0865566007673
0.0815099745693
0.0732912086439
0.0814097111082
0.0797852053425
0.0774718056622
0.0910779633267
0.082701633599
0.0695363108075
0.0859936875066
0.0763385621752
0.0881372254322
0.0731966409083
0.06521939462
0.0840371719879
0.0818353533833
0.0797852053425
0.0787005136996
0.0825228201425
0.0826814054193
0.0831036112314
0.0694604548961
0.0797455863741
0.0827203432744
0.0859974841104
0.0802757543262
0.0767110203232
0.0819136659193
0.0741007197142
0.079585156304
0.0774254589473
0.0700764576668
0.0864563198369
0.0808081425019
0.0823123104856
0.0786647954512
0.0865566007673
0.0815099745693
0.0732912086439
0.0814097111082
0.0797852053425
0.0774718056622
0.0910779633267
0.082701633599
0.0695363108075
0.0859936875066
0.0763385621752
0.0881372254322
0.0731966409083
0.06521939462
0.0840371719879
0.0818353533833
0.0797852053425
0.0787005136996
0.0825228201425
0.0826814054193
0.0831036112314
0.0694604548961
0.0797455863741
0.0827203432744
0.0859974841104
0.0802757543262
0.0767110203232
0.0819136659193
0.0741007197142
0.079585156304
0.0774254589473
0.0700764576668
0.0864563198369
0.0808081425019
0.0823123104856
0.0786647954512
0.0865566007673
0.0815099745693
0.0732912086439
0.0814097111082
0.0797852053425
0.0774718056622
0.0910779633267
0.082701633599
0.0695363108075
0.0859936875066
0.0763385621752
0.0881372254322
0.0731966409083
0.06521939462
0.0840371719879
0.0818353533833
0.0797852053425
0.0787005136996
0.0825228201425
0.0826814054193
0.0831036112314
0.0694604548961
0.0797455863741
0.0827203432744
0.0859974841104
0.0802757543262
0.0767110203232
0.0819136659193
0.0741007197142
0.079585156304
0.0774254589473
0.0700764576668
0.0864563198369
0.0808081425019
0.0823123104856
0.0786647954512
0.0865566007673
0.0815099745693
0.0732912086439
0.0814097111082
0.0797852053425
0.0774718056622
0.0910779633267
0.082701633599
0.0695363108075
0.0859936875066
0.0763385621752
0.0881372254322
0.0731966409083
0.06521939462
0.0840371719879
0.0818353533833
0.0797852053425
0.0787005136996
0.0825228201425
0.0826814054193
0.0831036112314
0.0694604548961
0.0797455863741
0.0827203432744
0.0859974841104
0.0802757543262
0.0767110203232
0.0819136659193
0.0741007197142
0.079585156304
0.0774254589473
0.0700764576668
0.0864563198369
0.0808081425019
0.0823123104856
