0.96685006723
0.427203973504
1.14028262411
0.90597286353
0.443835205099
1.18736039199
0.979419640943
0.455783950177
1.23571536893
1.10315968861
0.384096304714
1.20601610681
0.968452050909
0.477691670804
1.13831337465
0.958451445131
0.460681304184
1.1810130513
1.07506362809
0.479213291574
1.20042208182
1.02274328586
0.419194062849
1.16976258487
1.016067422
0.429804434233
1.13783860148
0.98079394274
0.42113376589
1.13965325508
0.981284176513
0.423240505158
1.14930057772
0.910467051551
0.43053193133
1.20078704839
0.96685006723
0.427203973504
1.14028262411
0.90597286353
0.443835205099
1.18736039199
0.979419640943
0.455783950177
1.23571536893
1.10315968861
0.384096304714
1.20601610681
0.968452050909
0.477691670804
1.13831337465
0.958451445131
0.460681304184
1.1810130513
1.07506362809
0.479213291574
1.20042208182
1.02274328586
0.419194062849
1.16976258487
1.016067422
0.429804434233
1.13783860148
0.98079394274
0.42113376589
1.13965325508
0.981284176513
0.423240505158
1.14930057772
0.910467051551
0.43053193133
1.20078704839
0.96685006723
0.427203973504
1.14028262411
0.90597286353
0.443835205099
1.18736039199
0.979419640943
0.455783950177
1.23571536893
1.10315968861
0.384096304714
1.20601610681
0.968452050909
0.477691670804
1.13831337465
0.958451445131
0.460681304184
1.1810130513
1.07506362809
0.479213291574
1.20042208182
1.02274328586
0.419194062849
1.16976258487
1.016067422
0.429804434233
1.13783860148
0.98079394274
0.42113376589
1.13965325508
0.981284176513
0.423240505158
1.14930057772
0.910467051551
0.43053193133
1.20078704839
0.96685006723
0.427203973504
1.14028262411
0.90597286353
0.443835205099
1.18736039199
0.979419640943
0.455783950177
1.23571536893
1.10315968861
0.384096304714
1.20601610681
0.968452050909
0.477691670804
1.13831337465
0.958451445131
0.460681304184
1.1810130513
1.07506362809
0.479213291574
1.20042208182
1.02274328586
0.419194062849
1.16976258487
1.016067422
0.429804434233
1.13783860148
0.98079394274
0.42113376589
1.13965325508
0.981284176513
0.423240505158
1.14930057772
0.910467051551
0.43053193133
1.20078704839
0.96685006723
0.427203973504
1.14028262411
0.90597286353
0.443835205099
1.18736039199
0.979419640943
0.455783950177
1.23571536893
1.10315968861
0.384096304714
1.20601610681
0.968452050909
0.477691670804
1.13831337465
0.958451445131
0.460681304184
1.1810130513
1.07506362809
0.479213291574
1.20042208182
1.02274328586
0.419194062849
1.16976258487
1.016067422
0.429804434233
1.13783860148
0.98079394274
0.42113376589
1.13965325508
0.981284176513
0.423240505158
1.14930057772
0.910467051551
0.43053193133
1.20078704839
