0.0758306150244
0.0729492193591
0.0790797314147
0.0733915772356
0.0718324350534
0.0763737611207
0.0779077004653
0.0854876460439
0.0770389719968
0.0805662213645
0.0808395714689
0.0859909754885
0.0824181113943
0.0787115061988
0.0745744336899
0.0706899374446
0.0768129371362
0.0846525945471
0.0845745609772
0.0803832732082
0.0800012802477
0.0792442197282
0.0669576115319
0.0686473485754
0.0757742721063
0.0794013118321
0.0819120543216
0.0868722496404
0.0760468292574
0.0803955657026
0.0841140998078
0.0884403024904
0.0858505382055
0.0781875328111
0.0905258096117
0.0719187515277
0.0758306150244
0.0729492193591
0.0790797314147
0.0733915772356
0.0718324350534
0.0763737611207
0.0779077004653
0.0854876460439
0.0770389719968
0.0805662213645
0.0808395714689
0.0859909754885
0.0824181113943
0.0787115061988
0.0745744336899
0.0706899374446
0.0768129371362
0.0846525945471
0.0845745609772
0.0803832732082
0.0800012802477
0.0792442197282
0.0669576115319
0.0686473485754
0.0757742721063
0.0794013118321
0.0819120543216
0.0868722496404
0.0760468292574
0.0803955657026
0.0841140998078
0.0884403024904
0.0858505382055
0.0781875328111
0.0905258096117
0.0719187515277
0.0758306150244
0.0729492193591
0.0790797314147
0.0733915772356
0.0718324350534
0.0763737611207
0.0779077004653
0.0854876460439
0.0770389719968
0.0805662213645
0.0808395714689
0.0859909754885
0.0824181113943
0.0787115061988
0.0745744336899
0.0706899374446
0.0768129371362
0.0846525945471
0.0845745609772
0.0803832732082
0.0800012802477
0.0792442197282
0.0669576115319
0.0686473485754
0.0757742721063
0.0794013118321
0.0819120543216
0.0868722496404
0.0760468292574
0.0803955657026
0.0841140998078
0.0884403024904
0.0858505382055
0.0781875328111
0.0905258096117
0.0719187515277
0.0758306150244
0.0729492193591
0.0790797314147
0.0733915772356
0.0718324350534
0.0763737611207
0.0779077004653
0.0854876460439
0.0770389719968
0.0805662213645
0.0808395714689
0.0859909754885
0.0824181113943
0.0787115061988
0.0745744336899
0.0706899374446
0.0768129371362
0.0846525945471
0.0845745609772
0.0803832732082
0.0800012802477
0.0792442197282
0.0669576115319
0.0686473485754
0.0757742721063
0.0794013118321
0.0819120543216
0.0868722496404
0.0760468292574
0.0803955657026
0.0841140998078
0.0884403024904
0.0858505382055
0.0781875328111
0.0905258096117
0.0719187515277
0.0758306150244
0.0729492193591
0.0790797314147
0.0733915772356
0.0718324350534
0.0763737611207
0.0779077004653
0.0854876460439
0.0770389719968
0.0805662213645
0.0808395714689
0.0859909754885
0.0824181113943
0.0787115061988
0.0745744336899
0.0706899374446
0.0768129371362
0.0846525945471
0.0845745609772
0.0803832732082
0.0800012802477
0.0792442197282
0.0669576115319
0.0686473485754
0.0757742721063
0.0794013118321
0.0819120543216
0.0868722496404
0.0760468292574
0.0803955657026
0.0841140998078
0.0884403024904
0.0858505382055
0.0781875328111
0.0905258096117
0.0719187515277
