0.0810873594403
0.0798885957197
0.0803832732082
0.0825514306016
0.0800079733127
0.0812286560967
0.0748308682507
0.0803085551896
0.0768546568654
0.075975915026
0.0772088463794
0.0810276213269
0.0758795074758
0.0751882867163
0.0824951031086
0.0841679197284
0.0814797009343
0.0725671225525
0.0729424018362
0.0819006950388
0.0798491150665
0.0843637052302
0.0746044003976
0.0799087598664
0.0709474372408
0.0847466138107
0.0900099119096
0.0734399960512
0.0831338851221
0.0663434737123
0.0891554026945
0.0721400327591
0.079138824021
0.0812215992378
0.0825131063859
0.0771300065263
0.0810873594403
0.0798885957197
0.0803832732082
0.0825514306016
0.0800079733127
0.0812286560967
0.0748308682507
0.0803085551896
0.0768546568654
0.075975915026
0.0772088463794
0.0810276213269
0.0758795074758
0.0751882867163
0.0824951031086
0.0841679197284
0.0814797009343
0.0725671225525
0.0729424018362
0.0819006950388
0.0798491150665
0.0843637052302
0.0746044003976
0.0799087598664
0.0709474372408
0.0847466138107
0.0900099119096
0.0734399960512
0.0831338851221
0.0663434737123
0.0891554026945
0.0721400327591
0.079138824021
0.0812215992378
0.0825131063859
0.0771300065263
0.0810873594403
0.0798885957197
0.0803832732082
0.0825514306016
0.0800079733127
0.0812286560967
0.0748308682507
0.0803085551896
0.0768546568654
0.075975915026
0.0772088463794
0.0810276213269
0.0758795074758
0.0751882867163
0.0824951031086
0.0841679197284
0.0814797009343
0.0725671225525
0.0729424018362
0.0819006950388
0.0798491150665
0.0843637052302
0.0746044003976
0.0799087598664
0.0709474372408
0.0847466138107
0.0900099119096
0.0734399960512
0.0831338851221
0.0663434737123
0.0891554026945
0.0721400327591
0.079138824021
0.0812215992378
0.0825131063859
0.0771300065263
0.0810873594403
0.0798885957197
0.0803832732082
0.0825514306016
0.0800079733127
0.0812286560967
0.0748308682507
0.0803085551896
0.0768546568654
0.075975915026
0.0772088463794
0.0810276213269
0.0758795074758
0.0751882867163
0.0824951031086
0.0841679197284
0.0814797009343
0.0725671225525
0.0729424018362
0.0819006950388
0.0798491150665
0.0843637052302
0.0746044003976
0.0799087598664
0.0709474372408
0.0847466138107
0.0900099119096
0.0734399960512
0.0831338851221
0.0663434737123
0.0891554026945
0.0721400327591
0.079138824021
0.0812215992378
0.0825131063859
0.0771300065263
0.0810873594403
0.0798885957197
0.0803832732082
0.0825514306016
0.0800079733127
0.0812286560967
0.0748308682507
0.0803085551896
0.0768546568654
0.075975915026
0.0772088463794
0.0810276213269
0.0758795074758
0.0751882867163
0.0824951031086
0.0841679197284
0.0814797009343
0.0725671225525
0.0729424018362
0.0819006950388
0.0798491150665
0.0843637052302
0.0746044003976
0.0799087598664
0.0709474372408
0.0847466138107
0.0900099119096
0.0734399960512
0.0831338851221
0.0663434737123
0.0891554026945
0.0721400327591
0.079138824021
0.0812215992378
0.0825131063859
0.0771300065263
