0.0930738459082
0.0750689427005
0.0976462704695
0.0884888428725
0.0807019613732
0.0833575732312
0.0869621324401
0.0763023687127
0.0924106613771
0.0836660392996
0.0765662599503
0.0769183292444
0.0845691868567
0.0756052671931
0.0853288575688
0.0834545475047
0.0820536113811
0.0763385621752
0.0809571201531
0.0959523906922
0.0875484463827
0.0715223967684
0.0781448421446
0.0756052671931
0.0698902013406
0.0751273801439
0.0838296476223
0.0665616143848
0.0828629638289
0.0769762936283
0.0712485278823
0.0740832356103
0.0754868168887
0.0675415828439
0.0792947676795
0.0982564799944
0.0930738459082
0.0750689427005
0.0976462704695
0.0884888428725
0.0807019613732
0.0833575732312
0.0869621324401
0.0763023687127
0.0924106613771
0.0836660392996
0.0765662599503
0.0769183292444
0.0845691868567
0.0756052671931
0.0853288575688
0.0834545475047
0.0820536113811
0.0763385621752
0.0809571201531
0.0959523906922
0.0875484463827
0.0715223967684
0.0781448421446
0.0756052671931
0.0698902013406
0.0751273801439
0.0838296476223
0.0665616143848
0.0828629638289
0.0769762936283
0.0712485278823
0.0740832356103
0.0754868168887
0.0675415828439
0.0792947676795
0.0982564799944
0.0930738459082
0.0750689427005
0.0976462704695
0.0884888428725
0.0807019613732
0.0833575732312
0.0869621324401
0.0763023687127
0.0924106613771
0.0836660392996
0.0765662599503
0.0769183292444
0.0845691868567
0.0756052671931
0.0853288575688
0.0834545475047
0.0820536113811
0.0763385621752
0.0809571201531
0.0959523906922
0.0875484463827
0.0715223967684
0.0781448421446
0.0756052671931
0.0698902013406
0.0751273801439
0.0838296476223
0.0665616143848
0.0828629638289
0.0769762936283
0.0712485278823
0.0740832356103
0.0754868168887
0.0675415828439
0.0792947676795
0.0982564799944
0.0930738459082
0.0750689427005
0.0976462704695
0.0884888428725
0.0807019613732
0.0833575732312
0.0869621324401
0.0763023687127
0.0924106613771
0.0836660392996
0.0765662599503
0.0769183292444
0.0845691868567
0.0756052671931
0.0853288575688
0.0834545475047
0.0820536113811
0.0763385621752
0.0809571201531
0.0959523906922
0.0875484463827
0.0715223967684
0.0781448421446
0.0756052671931
0.0698902013406
0.0751273801439
0.0838296476223
0.0665616143848
0.0828629638289
0.0769762936283
0.0712485278823
0.0740832356103
0.0754868168887
0.0675415828439
0.0792947676795
0.0982564799944
0.0930738459082
0.0750689427005
0.0976462704695
0.0884888428725
0.0807019613732
0.0833575732312
0.0869621324401
0.0763023687127
0.0924106613771
0.0836660392996
0.0765662599503
0.0769183292444
0.0845691868567
0.0756052671931
0.0853288575688
0.0834545475047
0.0820536113811
0.0763385621752
0.0809571201531
0.0959523906922
0.0875484463827
0.0715223967684
0.0781448421446
0.0756052671931
0.0698902013406
0.0751273801439
0.0838296476223
0.0665616143848
0.0828629638289
0.0769762936283
0.0712485278823
0.0740832356103
0.0754868168887
0.0675415828439
0.0792947676795
0.0982564799944
