1.92345012629
0.89903635355
2.11223903049
1.91764316445
0.873243223405
2.14073697395
1.8683054214
0.93124850577
2.11711979499
1.97406911915
0.953030602963
2.13945276816
1.93725276003
0.886249179542
2.12325173939
1.83850650461
0.906930018061
2.16586926056
1.97471991548
0.91424576541
2.1417405991
1.96049230352
0.879989974119
2.16957970138
1.92890526959
0.960989396958
2.11629022134
1.93484679278
0.907121518545
2.1681298851
1.92609977216
0.905080187712
2.13644591051
1.89824752608
0.910696608712
2.14225781626
1.92345012629
0.89903635355
2.11223903049
1.91764316445
0.873243223405
2.14073697395
1.8683054214
0.93124850577
2.11711979499
1.97406911915
0.953030602963
2.13945276816
1.93725276003
0.886249179542
2.12325173939
1.83850650461
0.906930018061
2.16586926056
1.97471991548
0.91424576541
2.1417405991
1.96049230352
0.879989974119
2.16957970138
1.92890526959
0.960989396958
2.11629022134
1.93484679278
0.907121518545
2.1681298851
1.92609977216
0.905080187712
2.13644591051
1.89824752608
0.910696608712
2.14225781626
1.92345012629
0.89903635355
2.11223903049
1.91764316445
0.873243223405
2.14073697395
1.8683054214
0.93124850577
2.11711979499
1.97406911915
0.953030602963
2.13945276816
1.93725276003
0.886249179542
2.12325173939
1.83850650461
0.906930018061
2.16586926056
1.97471991548
0.91424576541
2.1417405991
1.96049230352
0.879989974119
2.16957970138
1.92890526959
0.960989396958
2.11629022134
1.93484679278
0.907121518545
2.1681298851
1.92609977216
0.905080187712
2.13644591051
1.89824752608
0.910696608712
2.14225781626
1.92345012629
0.89903635355
2.11223903049
1.91764316445
0.873243223405
2.14073697395
1.8683054214
0.93124850577
2.11711979499
1.97406911915
0.953030602963
2.13945276816
1.93725276003
0.886249179542
2.12325173939
1.83850650461
0.906930018061
2.16586926056
1.97471991548
0.91424576541
2.1417405991
1.96049230352
0.879989974119
2.16957970138
1.92890526959
0.960989396958
2.11629022134
1.93484679278
0.907121518545
2.1681298851
1.92609977216
0.905080187712
2.13644591051
1.89824752608
0.910696608712
2.14225781626
1.92345012629
0.89903635355
2.11223903049
1.91764316445
0.873243223405
2.14073697395
1.8683054214
0.93124850577
2.11711979499
1.97406911915
0.953030602963
2.13945276816
1.93725276003
0.886249179542
2.12325173939
1.83850650461
0.906930018061
2.16586926056
1.97471991548
0.91424576541
2.1417405991
1.96049230352
0.879989974119
2.16957970138
1.92890526959
0.960989396958
2.11629022134
1.93484679278
0.907121518545
2.1681298851
1.92609977216
0.905080187712
2.13644591051
1.89824752608
0.910696608712
2.14225781626
