1	1.000	-70.000	
1	2.000	-69.964	
1	3.000	-69.738	
1	4.000	-69.255	
1	5.000	-68.573	
1	6.000	-67.759	
1	7.000	-66.867	
1	8.000	-65.934	
1	9.000	-64.991	
1	10.000	-64.076	
1	11.000	-63.202	
1	12.000	-62.353	
1	13.000	-61.534	
1	14.000	-60.746	
1	15.000	-60.016	
1	16.000	-59.356	
1	17.000	-58.736	
1	18.000	-58.151	
1	19.000	-57.626	
1	20.000	-57.145	
1	21.000	-56.685	
1	22.000	-56.229	
1	23.000	-55.812	
1	24.000	-55.447	
1	25.000	-55.138	
1	26.000	-70.000	
1	27.000	-70.000	
1	28.000	-69.141	
1	29.000	-67.560	
1	30.000	-66.153	
1	31.000	-64.881	
1	32.000	-63.754	
1	33.000	-62.733	
1	34.000	-61.778	
1	35.000	-60.876	
1	36.000	-60.053	
1	37.000	-59.301	
1	38.000	-58.618	
1	39.000	-58.001	
1	40.000	-57.499	
1	41.000	-57.056	
1	42.000	-56.634	
1	43.000	-56.228	
1	44.000	-55.823	
1	45.000	-55.428	
1	46.000	-55.085	
1	47.000	-70.000	
1	48.000	-70.000	
1	49.000	-68.813	
1	50.000	-67.267	
1	51.000	-65.920	
1	52.000	-64.714	
1	53.000	-63.617	
1	54.000	-62.631	
1	55.000	-61.747	
1	56.000	-60.938	
1	57.000	-60.165	
1	58.000	-59.450	
1	59.000	-58.804	
1	60.000	-58.220	
1	61.000	-57.703	
1	62.000	-57.253	
1	63.000	-56.870	
1	64.000	-56.473	
1	65.000	-56.093	
1	66.000	-55.759	
1	67.000	-55.497	
1	68.000	-55.289	
1	69.000	-55.087	
1	70.000	-70.000	
1	71.000	-70.000	
1	72.000	-69.150	
1	73.000	-67.567	
1	74.000	-66.089	
1	75.000	-64.714	
1	76.000	-63.455	
1	77.000	-62.322	
1	78.000	-61.346	
1	79.000	-60.507	
1	80.000	-59.759	
1	81.000	-59.074	
1	82.000	-58.436	
1	83.000	-57.845	
1	84.000	-57.320	
1	85.000	-56.848	
1	86.000	-56.423	
1	87.000	-56.030	
1	88.000	-55.669	
1	89.000	-55.367	
1	90.000	-55.114	
1	91.000	-70.000	
1	92.000	-70.000	
1	93.000	-69.176	
1	94.000	-67.664	
1	95.000	-66.291	
1	96.000	-65.015	
1	97.000	-63.800	
1	98.000	-62.677	
1	99.000	-61.678	
1	100.000	-60.776	
1	101.000	-59.981	
1	102.000	-59.266	
1	103.000	-58.632	
1	104.000	-58.047	
1	105.000	-57.539	
1	106.000	-57.082	
1	107.000	-56.688	
1	108.000	-56.362	
1	109.000	-56.119	
1	110.000	-55.939	
1	111.000	-55.784	
1	112.000	-55.599	
1	113.000	-55.378	
1	114.000	-55.164	
1	115.000	-70.000	
1	116.000	-70.000	
1	117.000	-69.662	
1	118.000	-68.066	
1	119.000	-66.594	
1	120.000	-65.228	
1	121.000	-63.988	
1	122.000	-62.902	
1	123.000	-61.921	
1	124.000	-61.032	
1	125.000	-60.273	
1	126.000	-59.629	
1	127.000	-59.062	
1	128.000	-58.558	
1	129.000	-58.081	
1	130.000	-57.638	
1	131.000	-57.201	
1	132.000	-56.786	
1	133.000	-56.415	
1	134.000	-56.093	
1	135.000	-55.824	
1	136.000	-55.562	
1	137.000	-55.247	
1	138.000	-70.000	
1	139.000	-70.000	
1	140.000	-69.438	
1	141.000	-67.717	
1	142.000	-66.233	
1	143.000	-64.956	
1	144.000	-63.823	
1	145.000	-62.772	
1	146.000	-61.789	
1	147.000	-60.900	
1	148.000	-60.091	
1	149.000	-59.344	
1	150.000	-58.665	
1	151.000	-58.071	
1	152.000	-57.560	
1	153.000	-57.127	
1	154.000	-56.710	
1	155.000	-56.306	
1	156.000	-55.938	
1	157.000	-55.604	
1	158.000	-55.292	
1	159.000	-55.023	
1	160.000	-70.000	
1	161.000	-70.000	
1	162.000	-68.567	
1	163.000	-67.116	
1	164.000	-65.759	
1	165.000	-64.467	
1	166.000	-63.279	
1	167.000	-62.200	
1	168.000	-61.252	
1	169.000	-60.416	
1	170.000	-59.662	
1	171.000	-59.008	
1	172.000	-58.428	
1	173.000	-57.924	
1	174.000	-57.471	
1	175.000	-57.048	
1	176.000	-56.672	
1	177.000	-56.351	
1	178.000	-56.065	
1	179.000	-55.831	
1	180.000	-55.640	
1	181.000	-55.461	
1	182.000	-55.292	
1	183.000	-55.137	
1	184.000	-70.000	
1	185.000	-70.000	
1	186.000	-70.000	
1	187.000	-68.379	
1	188.000	-66.871	
1	189.000	-65.481	
1	190.000	-64.190	
1	191.000	-62.990	
1	192.000	-61.916	
1	193.000	-60.962	
1	194.000	-60.118	
1	195.000	-59.318	
1	196.000	-58.528	
1	197.000	-57.782	
1	198.000	-57.110	
1	199.000	-56.514	
1	200.000	-55.965	
1	201.000	-55.469	
1	202.000	-55.046	
1	203.000	-70.000	
1	204.000	-70.000	
1	205.000	-68.643	
1	206.000	-67.104	
1	207.000	-65.706	
1	208.000	-64.450	
1	209.000	-63.305	
1	210.000	-62.254	
1	211.000	-61.280	
1	212.000	-60.370	
1	213.000	-59.528	
1	214.000	-58.753	
1	215.000	-58.069	
1	216.000	-57.477	
1	217.000	-56.978	
1	218.000	-56.494	
1	219.000	-56.048	
1	220.000	-55.652	
1	221.000	-55.305	
1	222.000	-55.034	
1	223.000	-70.000	
1	224.000	-70.000	
1	225.000	-68.646	
1	226.000	-67.088	
1	227.000	-65.674	
1	228.000	-64.406	
1	229.000	-63.284	
1	230.000	-62.269	
1	231.000	-61.335	
1	232.000	-60.465	
1	233.000	-59.675	
1	234.000	-58.970	
1	235.000	-58.276	
1	236.000	-57.642	
1	237.000	-57.091	
1	238.000	-56.646	
1	239.000	-56.255	
1	240.000	-55.883	
1	241.000	-55.567	
1	242.000	-55.257	
1	243.000	-70.000	
1	244.000	-70.000	
1	245.000	-69.811	
1	246.000	-68.012	
1	247.000	-66.389	
1	248.000	-64.946	
1	249.000	-63.655	
1	250.000	-62.498	
1	251.000	-61.473	
1	252.000	-60.606	
1	253.000	-59.911	
1	254.000	-59.310	
1	255.000	-58.720	
1	256.000	-58.098	
1	257.000	-57.490	
1	258.000	-56.940	
1	259.000	-56.468	
1	260.000	-56.047	
1	261.000	-55.665	
1	262.000	-55.355	
1	263.000	-55.110	
1	264.000	-70.000	
1	265.000	-70.000	
1	266.000	-69.165	
1	267.000	-67.638	
1	268.000	-66.261	
1	269.000	-65.039	
1	270.000	-63.931	
1	271.000	-62.885	
1	272.000	-61.916	
1	273.000	-61.028	
1	274.000	-60.229	
1	275.000	-59.521	
1	276.000	-58.883	
1	277.000	-58.279	
1	278.000	-57.698	
1	279.000	-57.176	
1	280.000	-56.736	
1	281.000	-56.382	
1	282.000	-56.072	
1	283.000	-55.768	
1	284.000	-55.463	
1	285.000	-55.146	
1	286.000	-70.000	
1	287.000	-70.000	
1	288.000	-69.141	
1	289.000	-67.554	
1	290.000	-66.095	
1	291.000	-64.756	
1	292.000	-63.548	
1	293.000	-62.468	
1	294.000	-61.488	
1	295.000	-60.629	
1	296.000	-59.868	
1	297.000	-59.164	
1	298.000	-58.498	
1	299.000	-57.896	
1	300.000	-57.353	
1	301.000	-56.885	
1	302.000	-56.508	
1	303.000	-56.188	
1	304.000	-55.922	
1	305.000	-55.678	
1	306.000	-55.423	
1	307.000	-55.171	
1	308.000	-70.000	
1	309.000	-70.000	
1	310.000	-69.498	
1	311.000	-67.928	
1	312.000	-66.487	
1	313.000	-65.178	
1	314.000	-64.012	
1	315.000	-62.977	
1	316.000	-62.040	
1	317.000	-61.176	
1	318.000	-60.384	
1	319.000	-59.688	
1	320.000	-59.083	
1	321.000	-58.520	
1	322.000	-57.998	
1	323.000	-57.505	
1	324.000	-57.032	
1	325.000	-56.623	
1	326.000	-56.313	
1	327.000	-56.060	
1	328.000	-55.829	
1	329.000	-55.621	
1	330.000	-55.394	
1	331.000	-55.124	
1	332.000	-70.000	
1	333.000	-70.000	
1	334.000	-69.117	
1	335.000	-67.482	
1	336.000	-65.970	
1	337.000	-64.585	
1	338.000	-63.339	
1	339.000	-62.225	
1	340.000	-61.208	
1	341.000	-60.315	
1	342.000	-59.554	
1	343.000	-58.871	
1	344.000	-58.246	
1	345.000	-57.689	
1	346.000	-57.201	
1	347.000	-56.762	
1	348.000	-56.380	
1	349.000	-56.073	
1	350.000	-55.822	
1	351.000	-55.594	
1	352.000	-55.399	
1	353.000	-55.241	
1	354.000	-55.087	
1	355.000	-70.000	
1	356.000	-70.000	
1	357.000	-69.310	
1	358.000	-67.704	
1	359.000	-66.257	
1	360.000	-64.966	
1	361.000	-63.847	
1	362.000	-62.890	
1	363.000	-62.033	
1	364.000	-61.198	
1	365.000	-60.383	
1	366.000	-59.641	
1	367.000	-58.974	
1	368.000	-58.352	
1	369.000	-57.757	
1	370.000	-57.200	
1	371.000	-56.701	
1	372.000	-56.252	
1	373.000	-55.845	
1	374.000	-55.486	
1	375.000	-55.146	
1	376.000	-70.000	
1	377.000	-70.000	
1	378.000	-69.121	
1	379.000	-67.499	
1	380.000	-66.048	
1	381.000	-64.732	
1	382.000	-63.504	
1	383.000	-62.379	
1	384.000	-61.394	
1	385.000	-60.500	
1	386.000	-59.692	
1	387.000	-58.956	
1	388.000	-58.298	
1	389.000	-57.747	
1	390.000	-57.267	
1	391.000	-56.848	
1	392.000	-56.476	
1	393.000	-56.161	
1	394.000	-55.906	
1	395.000	-55.693	
1	396.000	-55.467	
1	397.000	-55.264	
1	398.000	-55.106	
1	399.000	-55.019	
1	400.000	-70.000	
1	401.000	-70.000	
1	402.000	-69.205	
1	403.000	-67.693	
1	404.000	-66.303	
1	405.000	-65.047	
1	406.000	-63.899	
1	407.000	-62.880	
1	408.000	-61.989	
1	409.000	-61.215	
1	410.000	-60.519	
1	411.000	-59.845	
1	412.000	-59.233	
1	413.000	-58.679	
1	414.000	-58.198	
1	415.000	-57.758	
1	416.000	-57.338	
1	417.000	-56.933	
1	418.000	-56.553	
1	419.000	-56.192	
1	420.000	-55.859	
1	421.000	-55.533	
1	422.000	-55.187	
1	423.000	-70.000	
1	424.000	-70.000	
1	425.000	-69.293	
1	426.000	-67.644	
1	427.000	-66.146	
1	428.000	-64.812	
1	429.000	-63.622	
1	430.000	-62.549	
1	431.000	-61.570	
1	432.000	-60.698	
1	433.000	-59.920	
1	434.000	-59.242	
1	435.000	-58.650	
1	436.000	-58.110	
1	437.000	-57.616	
1	438.000	-57.166	
1	439.000	-56.751	
1	440.000	-56.342	
1	441.000	-55.960	
1	442.000	-55.628	
1	443.000	-55.331	
1	444.000	-55.055	
1	445.000	-70.000	
1	446.000	-70.000	
1	447.000	-68.811	
1	448.000	-67.283	
1	449.000	-65.921	
1	450.000	-64.680	
1	451.000	-63.554	
1	452.000	-62.525	
1	453.000	-61.603	
1	454.000	-60.797	
1	455.000	-60.101	
1	456.000	-59.491	
1	457.000	-58.964	
1	458.000	-58.495	
1	459.000	-58.064	
1	460.000	-57.660	
1	461.000	-57.267	
1	462.000	-56.848	
1	463.000	-56.402	
1	464.000	-55.979	
1	465.000	-55.610	
1	466.000	-55.309	
1	467.000	-55.053	
1	468.000	-70.000	
1	469.000	-70.000	
1	470.000	-68.840	
1	471.000	-67.331	
1	472.000	-65.964	
1	473.000	-64.727	
1	474.000	-63.596	
1	475.000	-62.560	
1	476.000	-61.571	
1	477.000	-60.643	
1	478.000	-59.813	
1	479.000	-59.054	
1	480.000	-58.341	
1	481.000	-57.680	
1	482.000	-57.110	
1	483.000	-56.649	
1	484.000	-56.269	
1	485.000	-55.969	
1	486.000	-55.735	
1	487.000	-55.503	
1	488.000	-55.283	
1	489.000	-55.117	
1	490.000	-55.000	
1	491.000	-70.000	
1	492.000	-70.000	
1	493.000	-68.534	
1	494.000	-67.059	
1	495.000	-65.732	
1	496.000	-64.530	
1	497.000	-63.461	
1	498.000	-62.488	
1	499.000	-61.619	
