201	1.000	-70.000	
201	2.000	-69.903	
201	3.000	-69.183	
201	4.000	-67.710	
201	5.000	-65.650	
201	6.000	-63.855	
201	7.000	-62.933	
201	8.000	-62.313	
201	9.000	-62.179	
201	10.000	-62.072	
201	11.000	-61.116	
201	12.000	-59.875	
201	13.000	-59.092	
201	14.000	-59.371	
201	15.000	-59.268	
201	16.000	-59.608	
201	17.000	-60.035	
201	18.000	-60.940	
201	19.000	-60.662	
201	20.000	-61.159	
201	21.000	-61.175	
201	22.000	-61.504	
201	23.000	-62.627	
201	24.000	-65.186	
201	25.000	-68.422	
201	26.000	-70.512	
201	27.000	-70.733	
201	28.000	-71.197	
201	29.000	-71.810	
201	30.000	-70.983	
201	31.000	-70.214	
201	32.000	-69.960	
201	33.000	-69.203	
201	34.000	-68.099	
201	35.000	-67.031	
201	36.000	-66.562	
201	37.000	-65.301	
201	38.000	-64.377	
201	39.000	-63.054	
201	40.000	-62.731	
201	41.000	-62.091	
201	42.000	-62.204	
201	43.000	-61.401	
201	44.000	-60.610	
201	45.000	-60.192	
201	46.000	-59.779	
201	47.000	-59.538	
201	48.000	-59.637	
201	49.000	-58.672	
201	50.000	-60.006	
201	51.000	-62.092	
201	52.000	-63.856	
201	53.000	-64.768	
201	54.000	-66.095	
201	55.000	-69.394	
201	56.000	-71.908	
201	57.000	-73.582	
201	58.000	-74.335	
201	59.000	-74.237	
201	60.000	-73.681	
201	61.000	-73.085	
201	62.000	-71.944	
201	63.000	-71.016	
201	64.000	-70.016	
201	65.000	-69.132	
201	66.000	-68.611	
201	67.000	-67.066	
201	68.000	-64.972	
201	69.000	-64.372	
201	70.000	-63.370	
201	71.000	-62.155	
201	72.000	-61.179	
201	73.000	-61.466	
201	74.000	-62.322	
201	75.000	-64.260	
201	76.000	-65.960	
201	77.000	-67.225	
201	78.000	-67.161	
201	79.000	-66.678	
201	80.000	-66.414	
201	81.000	-65.798	
201	82.000	-64.791	
201	83.000	-64.314	
201	84.000	-63.524	
201	85.000	-63.504	
201	86.000	-61.614	
201	87.000	-61.335	
201	88.000	-60.409	
201	89.000	-59.843	
201	90.000	-59.195	
201	91.000	-59.188	
201	92.000	-57.739	
201	93.000	-57.448	
201	94.000	-57.327	
201	95.000	-57.143	
201	96.000	-57.110	
201	97.000	-56.919	
201	98.000	-56.717	
201	99.000	-56.995	
201	100.000	-56.807	
201	101.000	-56.400	
201	102.000	-56.160	
201	103.000	-56.025	
201	104.000	-55.713	
201	105.000	-55.603	
201	106.000	-55.401	
201	107.000	-55.234	
201	108.000	-54.652	
201	109.000	-54.770	
201	110.000	-56.039	
201	111.000	-56.920	
201	112.000	-57.935	
201	113.000	-58.663	
201	114.000	-58.267	
201	115.000	-58.050	
201	116.000	-57.436	
201	117.000	-57.588	
201	118.000	-56.948	
201	119.000	-56.737	
201	120.000	-56.547	
201	121.000	-56.015	
201	122.000	-55.764	
201	123.000	-56.114	
201	124.000	-56.515	
201	125.000	-55.613	
201	126.000	-56.349	
201	127.000	-58.382	
201	128.000	-59.648	
201	129.000	-60.573	
201	130.000	-61.209	
201	131.000	-62.269	
201	132.000	-62.352	
201	133.000	-62.759	
201	134.000	-63.690	
201	135.000	-63.519	
201	136.000	-62.722	
201	137.000	-61.864	
201	138.000	-61.035	
201	139.000	-61.528	
201	140.000	-62.261	
201	141.000	-63.184	
201	142.000	-63.697	
201	143.000	-63.848	
201	144.000	-62.932	
201	145.000	-62.210	
201	146.000	-61.053	
201	147.000	-60.511	
201	148.000	-60.215	
201	149.000	-59.819	
201	150.000	-59.465	
201	151.000	-58.434	
201	152.000	-57.469	
201	153.000	-56.813	
201	154.000	-56.810	
201	155.000	-56.275	
201	156.000	-56.622	
201	157.000	-56.256	
201	158.000	-56.404	
201	159.000	-56.295	
201	160.000	-56.557	
201	161.000	-56.477	
201	162.000	-56.387	
201	163.000	-56.392	
201	164.000	-55.845	
201	165.000	-56.557	
201	166.000	-56.548	
201	167.000	-56.048	
201	168.000	-56.818	
201	169.000	-58.773	
201	170.000	-61.697	
201	171.000	-64.273	
201	172.000	-65.933	
201	173.000	-66.709	
201	174.000	-66.810	
201	175.000	-67.094	
201	176.000	-66.947	
201	177.000	-66.364	
201	178.000	-65.591	
201	179.000	-65.474	
201	180.000	-65.608	
201	181.000	-66.533	
201	182.000	-66.571	
201	183.000	-66.790	
201	184.000	-67.049	
201	185.000	-66.604	
201	186.000	-66.513	
201	187.000	-66.925	
201	188.000	-66.681	
201	189.000	-66.493	
201	190.000	-66.299	
201	191.000	-66.049	
201	192.000	-65.649	
201	193.000	-64.627	
201	194.000	-63.729	
201	195.000	-63.435	
201	196.000	-63.121	
201	197.000	-63.263	
201	198.000	-62.793	
201	199.000	-62.382	
201	200.000	-62.809	
201	201.000	-64.008	
201	202.000	-64.995	
201	203.000	-65.985	
201	204.000	-66.493	
201	205.000	-67.106	
201	206.000	-67.261	
201	207.000	-66.401	
201	208.000	-65.246	
201	209.000	-64.061	
201	210.000	-63.526	
201	211.000	-63.259	
201	212.000	-62.783	
201	213.000	-61.999	
201	214.000	-60.969	
201	215.000	-59.888	
201	216.000	-59.755	
201	217.000	-58.528	
201	218.000	-57.981	
201	219.000	-57.398	
201	220.000	-57.546	
201	221.000	-58.705	
201	222.000	-61.656	
201	223.000	-65.477	
201	224.000	-67.579	
201	225.000	-69.187	
201	226.000	-70.205	
201	227.000	-71.182	
201	228.000	-70.428	
201	229.000	-69.581	
201	230.000	-69.025	
201	231.000	-69.051	
201	232.000	-67.936	
201	233.000	-66.697	
201	234.000	-66.490	
201	235.000	-65.017	
201	236.000	-64.315	
201	237.000	-64.249	
201	238.000	-64.527	
201	239.000	-64.511	
201	240.000	-64.056	
201	241.000	-63.595	
201	242.000	-63.351	
201	243.000	-64.320	
201	244.000	-64.769	
201	245.000	-64.367	
201	246.000	-64.233	
201	247.000	-64.008	
201	248.000	-64.028	
201	249.000	-63.532	
201	250.000	-64.944	
201	251.000	-65.630	
201	252.000	-66.632	
201	253.000	-67.351	
201	254.000	-67.048	
201	255.000	-67.130	
201	256.000	-66.559	
201	257.000	-65.732	
201	258.000	-65.088	
201	259.000	-63.492	
201	260.000	-62.068	
201	261.000	-61.240	
201	262.000	-60.645	
201	263.000	-60.426	
201	264.000	-59.753	
201	265.000	-59.323	
201	266.000	-59.424	
201	267.000	-58.860	
201	268.000	-59.088	
201	269.000	-58.411	
201	270.000	-57.383	
201	271.000	-57.370	
201	272.000	-57.412	
201	273.000	-60.093	
201	274.000	-63.073	
201	275.000	-64.217	
201	276.000	-65.416	
201	277.000	-66.298	
201	278.000	-67.154	
201	279.000	-67.355	
201	280.000	-66.707	
201	281.000	-65.957	
201	282.000	-65.516	
201	283.000	-64.896	
201	284.000	-64.472	
201	285.000	-63.629	
201	286.000	-62.620	
201	287.000	-61.604	
201	288.000	-60.546	
201	289.000	-60.240	
201	290.000	-60.114	
201	291.000	-60.040	
201	292.000	-59.413	
201	293.000	-58.378	
201	294.000	-58.421	
201	295.000	-59.645	
201	296.000	-60.032	
201	297.000	-60.517	
201	298.000	-61.456	
201	299.000	-62.081	
201	300.000	-62.598	
201	301.000	-63.774	
201	302.000	-64.157	
201	303.000	-65.690	
201	304.000	-66.854	
201	305.000	-67.838	
201	306.000	-67.623	
201	307.000	-67.119	
201	308.000	-66.440	
201	309.000	-65.973	
201	310.000	-65.262	
201	311.000	-64.648	
201	312.000	-64.504	
201	313.000	-64.207	
201	314.000	-62.881	
201	315.000	-62.552	
201	316.000	-61.958	
201	317.000	-61.497	
201	318.000	-61.434	
201	319.000	-61.236	
201	320.000	-60.810	
201	321.000	-60.165	
201	322.000	-59.819	
201	323.000	-59.719	
201	324.000	-58.899	
201	325.000	-57.822	
201	326.000	-57.209	
201	327.000	-56.994	
201	328.000	-56.763	
201	329.000	-57.774	
201	330.000	-60.056	
201	331.000	-61.813	
201	332.000	-63.520	
201	333.000	-64.004	
201	334.000	-64.764	
201	335.000	-65.278	
201	336.000	-65.235	
201	337.000	-64.527	
201	338.000	-64.018	
201	339.000	-64.118	
201	340.000	-63.768	
201	341.000	-64.249	
201	342.000	-63.881	
201	343.000	-64.063	
201	344.000	-64.775	
201	345.000	-65.003	
201	346.000	-64.216	
201	347.000	-64.499	
201	348.000	-64.313	
201	349.000	-63.700	
201	350.000	-62.566	
201	351.000	-61.711	
201	352.000	-60.668	
201	353.000	-60.042	
201	354.000	-60.797	
201	355.000	-61.435	
201	356.000	-62.305	
201	357.000	-62.996	
201	358.000	-63.623	
201	359.000	-65.703	
201	360.000	-67.455	
201	361.000	-68.837	
201	362.000	-69.688	
201	363.000	-70.102	
201	364.000	-70.239	
201	365.000	-69.772	
201	366.000	-69.097	
201	367.000	-67.850	
201	368.000	-67.181	
201	369.000	-66.646	
201	370.000	-65.124	
201	371.000	-64.710	
201	372.000	-64.117	
201	373.000	-63.403	
201	374.000	-62.840	
201	375.000	-62.540	
201	376.000	-61.285	
201	377.000	-59.547	
201	378.000	-59.631	
201	379.000	-60.005	
201	380.000	-60.477	
201	381.000	-61.209	
201	382.000	-61.488	
201	383.000	-62.660	
201	384.000	-63.953	
201	385.000	-64.228	
201	386.000	-64.232	
201	387.000	-64.657	
201	388.000	-64.840	
201	389.000	-64.592	
201	390.000	-64.713	
201	391.000	-64.785	
201	392.000	-64.013	
201	393.000	-63.717	
201	394.000	-62.962	
201	395.000	-62.487	
201	396.000	-62.362	
201	397.000	-61.225	
201	398.000	-60.867	
201	399.000	-61.309	
201	400.000	-61.820	
201	401.000	-62.328	
201	402.000	-62.120	
201	403.000	-62.647	
201	404.000	-63.434	
201	405.000	-63.579	
201	406.000	-62.888	
201	407.000	-61.904	
201	408.000	-61.547	
201	409.000	-60.759	
201	410.000	-59.937	
201	411.000	-59.717	
201	412.000	-59.242	
201	413.000	-58.905	
201	414.000	-59.349	
201	415.000	-58.403	
201	416.000	-58.156	
201	417.000	-57.859	
201	418.000	-57.971	
201	419.000	-57.479	
201	420.000	-56.814	
201	421.000	-57.332	
201	422.000	-58.215	
201	423.000	-59.303	
201	424.000	-60.152	
201	425.000	-60.678	
201	426.000	-60.635	
201	427.000	-60.348	
201	428.000	-60.600	
201	429.000	-60.043	
201	430.000	-59.201	
201	431.000	-59.454	
201	432.000	-59.877	
201	433.000	-60.939	
201	434.000	-61.422	
201	435.000	-62.097	
201	436.000	-62.729	
201	437.000	-63.533	
201	438.000	-63.184	
201	439.000	-62.449	
201	440.000	-61.689	
201	441.000	-60.610	
201	442.000	-60.127	
201	443.000	-60.063	
201	444.000	-59.952	
201	445.000	-59.527	
201	446.000	-59.010	
201	447.000	-58.404	
201	448.000	-58.600	
201	449.000	-59.251	
201	450.000	-59.218	
201	451.000	-60.328	
201	452.000	-61.806	
201	453.000	-62.309	
201	454.000	-63.084	
201	455.000	-62.830	
201	456.000	-63.190	
201	457.000	-62.523	
201	458.000	-61.560	
201	459.000	-61.200	
201	460.000	-61.167	
201	461.000	-60.570	
201	462.000	-60.225	
201	463.000	-60.094	
201	464.000	-59.854	
201	465.000	-60.296	
201	466.000	-59.988	
201	467.000	-60.318	
201	468.000	-61.645	
201	469.000	-62.768	
201	470.000	-63.139	
201	471.000	-62.761	
201	472.000	-62.310	
201	473.000	-63.831	
201	474.000	-65.055	
201	475.000	-66.710	
201	476.000	-67.354	
201	477.000	-67.553	
201	478.000	-66.798	
201	479.000	-66.631	
201	480.000	-65.774	
201	481.000	-65.251	
201	482.000	-63.932	
201	483.000	-62.988	
201	484.000	-62.581	
201	485.000	-61.726	
201	486.000	-60.865	
201	487.000	-60.181	
201	488.000	-59.855	
201	489.000	-59.429	
201	490.000	-59.984	
201	491.000	-61.035	
201	492.000	-62.881	
201	493.000	-64.545	
201	494.000	-65.136	
201	495.000	-65.136	
201	496.000	-65.637	
201	497.000	-65.631	
201	498.000	-65.512	
201	499.000	-65.612	
201	500.000	-65.323	
201	501.000	-65.522	
201	502.000	-65.232	
201	503.000	-64.459	
201	504.000	-63.814	
201	505.000	-63.740	
201	506.000	-63.008	
201	507.000	-62.637	
201	508.000	-62.091	
201	509.000	-61.398	
201	510.000	-60.692	
201	511.000	-60.329	
201	512.000	-59.848	
201	513.000	-59.678	
201	514.000	-59.747	
201	515.000	-60.615	
201	516.000	-60.805	
201	517.000	-61.536	
201	518.000	-62.167	
201	519.000	-62.434	
201	520.000	-61.972	
201	521.000	-61.537	
201	522.000	-61.405	
201	523.000	-60.987	
201	524.000	-60.219	
201	525.000	-59.889	
201	526.000	-59.671	
201	527.000	-58.758	
201	528.000	-58.279	
201	529.000	-57.887	
201	530.000	-57.813	
201	531.000	-57.587	
201	532.000	-58.220	
201	533.000	-59.283	
201	534.000	-59.986	
201	535.000	-60.490	
201	536.000	-60.752	
201	537.000	-61.413	
201	538.000	-61.372	
201	539.000	-62.458	
201	540.000	-62.618	
201	541.000	-63.497	
201	542.000	-64.212	
201	543.000	-64.389	
201	544.000	-64.552	
201	545.000	-64.540	
201	546.000	-64.352	
201	547.000	-62.982	
201	548.000	-61.321	
201	549.000	-60.685	
201	550.000	-60.795	
201	551.000	-60.722	
201	552.000	-61.170	
201	553.000	-61.332	
201	554.000	-61.669	
201	555.000	-61.399	
201	556.000	-61.168	
201	557.000	-60.351	
201	558.000	-60.343	
201	559.000	-60.690	
201	560.000	-60.543	
201	561.000	-60.257	
201	562.000	-59.897	
201	563.000	-58.536	
201	564.000	-57.952	
201	565.000	-58.073	
201	566.000	-57.810	
201	567.000	-57.728	
201	568.000	-58.471	
201	569.000	-59.716	
201	570.000	-59.714	
201	571.000	-60.197	
201	572.000	-59.892	
201	573.000	-59.846	
201	574.000	-59.700	
201	575.000	-59.672	
201	576.000	-59.234	
201	577.000	-58.597	
201	578.000	-57.958	
201	579.000	-57.345	
201	580.000	-56.878	
201	581.000	-57.259	
201	582.000	-58.570	
201	583.000	-59.954	
201	584.000	-60.657	
201	585.000	-60.611	
201	586.000	-61.568	
201	587.000	-62.075	
201	588.000	-63.262	
201	589.000	-62.291	
201	590.000	-61.951	
201	591.000	-62.098	
201	592.000	-61.830	
201	593.000	-61.267	
201	594.000	-61.507	
201	595.000	-61.002	
201	596.000	-60.594	
201	597.000	-60.451	
201	598.000	-59.772	
201	599.000	-59.212	
201	600.000	-59.108	
201	601.000	-58.609	
201	602.000	-59.033	
201	603.000	-59.955	
201	604.000	-60.220	
201	605.000	-60.442	
201	606.000	-60.450	
201	607.000	-60.341	
201	608.000	-60.173	
201	609.000	-60.191	
201	610.000	-60.135	
201	611.000	-60.845	
201	612.000	-61.742	
201	613.000	-61.562	
201	614.000	-62.749	
201	615.000	-65.052	
201	616.000	-67.662	
201	617.000	-68.995	
201	618.000	-69.760	
201	619.000	-69.086	
201	620.000	-69.318	
201	621.000	-69.635	
201	622.000	-68.522	
201	623.000	-67.323	
201	624.000	-66.861	
201	625.000	-66.806	
201	626.000	-65.987	
201	627.000	-65.617	
201	628.000	-66.258	
201	629.000	-66.577	
201	630.000	-66.599	
201	631.000	-65.616	
201	632.000	-64.980	
201	633.000	-64.401	
201	634.000	-64.263	
201	635.000	-64.214	
201	636.000	-63.884	
201	637.000	-64.539	
201	638.000	-65.279	
201	639.000	-65.420	
201	640.000	-65.113	
201	641.000	-65.026	
201	642.000	-64.860	
201	643.000	-63.767	
201	644.000	-62.677	
201	645.000	-61.472	
201	646.000	-61.145	
201	647.000	-60.635	
201	648.000	-59.199	
201	649.000	-57.934	
201	650.000	-58.003	
201	651.000	-57.909	
201	652.000	-58.020	
201	653.000	-58.083	
201	654.000	-57.982	
201	655.000	-57.438	
201	656.000	-57.553	
201	657.000	-58.089	
201	658.000	-59.214	
201	659.000	-59.997	
201	660.000	-60.464	
201	661.000	-60.535	
201	662.000	-61.152	
201	663.000	-60.372	
201	664.000	-59.945	
201	665.000	-59.939	
201	666.000	-61.054	
201	667.000	-62.521	
201	668.000	-62.530	
201	669.000	-62.858	
201	670.000	-63.348	
201	671.000	-63.519	
201	672.000	-63.292	
201	673.000	-63.060	
201	674.000	-63.050	
201	675.000	-62.771	
201	676.000	-63.585	
201	677.000	-65.021	
201	678.000	-66.083	
201	679.000	-67.774	
201	680.000	-68.951	
201	681.000	-69.262	
201	682.000	-68.539	
201	683.000	-67.840	
201	684.000	-67.812	
201	685.000	-67.091	
201	686.000	-66.549	
201	687.000	-65.171	
201	688.000	-63.883	
201	689.000	-63.702	
201	690.000	-63.050	
201	691.000	-62.660	
201	692.000	-62.754	
201	693.000	-63.522	
201	694.000	-63.678	
201	695.000	-64.421	
201	696.000	-64.991	
201	697.000	-64.415	
201	698.000	-64.166	
201	699.000	-63.710	
201	700.000	-63.186	
201	701.000	-62.424	
201	702.000	-61.128	
201	703.000	-60.205	
201	704.000	-59.281	
201	705.000	-58.527	
201	706.000	-56.973	
201	707.000	-56.401	
201	708.000	-56.200	
201	709.000	-56.403	
201	710.000	-56.622	
201	711.000	-56.465	
201	712.000	-56.364	
201	713.000	-55.721	
201	714.000	-55.726	
201	715.000	-57.686	
201	716.000	-59.459	
201	717.000	-61.416	
201	718.000	-63.396	
201	719.000	-65.242	
201	720.000	-65.911	
201	721.000	-65.185	
201	722.000	-64.854	
201	723.000	-64.726	
201	724.000	-64.485	
201	725.000	-64.423	
201	726.000	-64.386	
201	727.000	-63.966	
201	728.000	-63.306	
201	729.000	-63.714	
201	730.000	-63.579	
201	731.000	-62.700	
201	732.000	-61.946	
201	733.000	-61.606	
201	734.000	-61.410	
201	735.000	-62.658	
201	736.000	-63.774	
201	737.000	-64.407	
201	738.000	-64.100	
201	739.000	-63.720	
201	740.000	-62.726	
201	741.000	-62.575	
201	742.000	-63.375	
201	743.000	-63.560	
201	744.000	-64.305	
201	745.000	-64.885	
201	746.000	-65.638	
201	747.000	-66.142	
201	748.000	-66.762	
201	749.000	-66.354	
201	750.000	-65.936	
201	751.000	-65.972	
201	752.000	-66.855	
201	753.000	-67.376	
201	754.000	-67.658	
201	755.000	-67.412	
201	756.000	-66.820	
201	757.000	-66.562	
201	758.000	-66.923	
201	759.000	-67.472	
201	760.000	-67.324	
201	761.000	-67.253	
201	762.000	-66.541	
201	763.000	-65.859	
201	764.000	-66.187	
201	765.000	-66.779	
201	766.000	-67.229	
201	767.000	-66.720	
201	768.000	-66.256	
201	769.000	-65.571	
201	770.000	-64.349	
201	771.000	-63.841	
201	772.000	-62.448	
201	773.000	-61.848	
201	774.000	-61.593	
201	775.000	-60.886	
201	776.000	-60.252	
201	777.000	-59.389	
201	778.000	-58.753	
201	779.000	-58.307	
201	780.000	-57.747	
201	781.000	-57.629	
201	782.000	-57.979	
201	783.000	-58.686	
201	784.000	-59.359	
201	785.000	-60.148	
201	786.000	-61.297	
201	787.000	-62.217	
201	788.000	-63.678	
201	789.000	-64.226	
201	790.000	-64.616	
201	791.000	-66.138	
201	792.000	-66.947	
201	793.000	-67.219	
201	794.000	-67.073	
201	795.000	-67.207	
201	796.000	-67.414	
201	797.000	-67.753	
201	798.000	-67.808	
201	799.000	-67.401	
201	800.000	-66.973	
201	801.000	-67.385	
201	802.000	-66.768	
201	803.000	-66.630	
201	804.000	-66.151	
201	805.000	-66.000	
201	806.000	-66.305	
201	807.000	-66.279	
201	808.000	-65.560	
201	809.000	-65.607	
201	810.000	-66.174	
201	811.000	-65.626	
201	812.000	-63.772	
201	813.000	-63.577	
201	814.000	-62.762	
201	815.000	-62.710	
201	816.000	-62.395	
201	817.000	-61.786	
201	818.000	-62.187	
201	819.000	-63.325	
201	820.000	-65.171	
201	821.000	-67.352	
201	822.000	-68.562	
201	823.000	-68.879	
201	824.000	-69.952	
201	825.000	-69.922	
201	826.000	-70.360	
201	827.000	-69.731	
201	828.000	-69.778	
201	829.000	-69.836	
201	830.000	-68.942	
201	831.000	-67.170	
201	832.000	-66.158	
201	833.000	-65.927	
201	834.000	-65.363	
201	835.000	-63.545	
201	836.000	-62.015	
201	837.000	-61.249	
201	838.000	-59.968	
201	839.000	-58.966	
201	840.000	-57.995	
201	841.000	-58.730	
201	842.000	-59.736	
201	843.000	-61.653	
201	844.000	-63.548	
201	845.000	-65.824	
201	846.000	-67.516	
201	847.000	-68.190	
201	848.000	-69.080	
201	849.000	-69.575	
201	850.000	-69.656	
201	851.000	-68.956	
201	852.000	-68.567	
201	853.000	-67.764	
201	854.000	-66.606	
201	855.000	-65.908	
201	856.000	-65.255	
201	857.000	-64.379	
201	858.000	-63.971	
201	859.000	-62.333	
201	860.000	-60.237	
201	861.000	-59.994	
201	862.000	-59.841	
201	863.000	-59.747	
201	864.000	-59.147	
201	865.000	-58.364	
201	866.000	-57.496	
201	867.000	-56.962	
201	868.000	-57.049	
201	869.000	-56.428	
201	870.000	-55.804	
201	871.000	-55.787	
201	872.000	-56.561	
201	873.000	-57.979	
201	874.000	-57.664	
201	875.000	-57.303	
201	876.000	-57.515	
201	877.000	-57.361	
201	878.000	-56.146	
201	879.000	-56.342	
201	880.000	-55.770	
201	881.000	-56.084	
201	882.000	-55.841	
201	883.000	-55.598	
201	884.000	-55.665	
201	885.000	-55.311	
201	886.000	-56.289	
201	887.000	-57.075	
201	888.000	-57.806	
201	889.000	-58.205	
201	890.000	-57.888	
201	891.000	-58.218	
201	892.000	-58.868	
201	893.000	-61.371	
201	894.000	-63.220	
201	895.000	-63.880	
201	896.000	-63.400	
201	897.000	-63.136	
201	898.000	-62.439	
201	899.000	-62.190	
201	900.000	-61.653	
201	901.000	-60.821	
201	902.000	-60.179	
201	903.000	-59.807	
201	904.000	-59.920	
201	905.000	-59.720	
201	906.000	-59.585	
201	907.000	-59.171	
201	908.000	-58.702	
201	909.000	-58.092	
201	910.000	-58.833	
201	911.000	-60.487	
201	912.000	-61.737	
201	913.000	-62.298	
201	914.000	-63.085	
201	915.000	-63.242	
201	916.000	-63.496	
201	917.000	-63.947	
201	918.000	-63.374	
201	919.000	-63.719	
201	920.000	-63.662	
201	921.000	-64.274	
201	922.000	-63.259	
201	923.000	-61.487	
201	924.000	-60.236	
201	925.000	-59.619	
201	926.000	-59.254	
201	927.000	-58.839	
201	928.000	-58.891	
201	929.000	-59.670	
201	930.000	-60.408	
201	931.000	-60.963	
201	932.000	-61.122	
201	933.000	-61.805	
201	934.000	-62.005	
201	935.000	-62.202	
201	936.000	-62.144	
201	937.000	-61.417	
201	938.000	-59.947	
201	939.000	-59.815	
201	940.000	-59.623	
201	941.000	-59.230	
201	942.000	-58.775	
201	943.000	-58.069	
201	944.000	-56.549	
201	945.000	-55.686	
201	946.000	-55.346	
201	947.000	-55.386	
201	948.000	-56.443	
201	949.000	-57.721	
201	950.000	-59.170	
201	951.000	-60.760	
201	952.000	-62.586	
201	953.000	-63.765	
201	954.000	-64.586	
201	955.000	-64.236	
201	956.000	-63.901	
201	957.000	-62.875	
201	958.000	-61.811	
201	959.000	-61.522	
201	960.000	-61.187	
201	961.000	-60.445	
201	962.000	-59.687	
201	963.000	-59.026	
201	964.000	-60.308	
201	965.000	-61.471	
201	966.000	-62.536	
201	967.000	-64.270	
201	968.000	-65.602	
201	969.000	-65.940	
201	970.000	-65.721	
201	971.000	-65.513	
201	972.000	-64.587	
201	973.000	-63.717	
201	974.000	-63.364	
201	975.000	-62.733	
201	976.000	-61.622	
201	977.000	-61.136	
201	978.000	-61.036	
201	979.000	-61.186	
201	980.000	-61.817	
201	981.000	-62.413	
201	982.000	-62.290	
201	983.000	-62.694	
201	984.000	-62.378	
201	985.000	-61.731	
201	986.000	-60.573	
201	987.000	-60.403	
201	988.000	-59.714	
201	989.000	-58.958	
201	990.000	-58.063	
201	991.000	-58.117	
201	992.000	-58.459	
201	993.000	-59.524	
201	994.000	-60.335	
201	995.000	-60.938	
201	996.000	-60.642	
201	997.000	-60.264	
201	998.000	-59.650	
201	999.000	-59.684	
201	1000.000	-59.879	
201	1001.000	-58.757	
201	1002.000	-58.353	
201	1003.000	-58.481	
201	1004.000	-58.152	
201	1005.000	-58.726	
201	1006.000	-59.622	
201	1007.000	-59.626	
201	1008.000	-60.105	
201	1009.000	-60.241	
201	1010.000	-60.180	
201	1011.000	-60.295	
201	1012.000	-60.352	
201	1013.000	-61.388	
201	1014.000	-63.298	
201	1015.000	-64.142	
201	1016.000	-64.975	
201	1017.000	-65.097	
201	1018.000	-65.140	
201	1019.000	-65.089	
201	1020.000	-65.503	
201	1021.000	-65.847	
201	1022.000	-65.273	
201	1023.000	-64.137	
201	1024.000	-64.017	
201	1025.000	-64.157	
201	1026.000	-63.986	
201	1027.000	-64.850	
201	1028.000	-65.971	
201	1029.000	-67.230	
201	1030.000	-68.092	
201	1031.000	-69.189	
201	1032.000	-69.477	
201	1033.000	-69.350	
201	1034.000	-68.200	
201	1035.000	-67.147	
201	1036.000	-68.570	
201	1037.000	-69.787	
201	1038.000	-70.303	
201	1039.000	-70.610	
201	1040.000	-70.517	
201	1041.000	-70.537	
201	1042.000	-70.262	
201	1043.000	-70.091	
201	1044.000	-69.220	
201	1045.000	-68.785	
201	1046.000	-67.697	
201	1047.000	-68.080	
201	1048.000	-68.393	
201	1049.000	-67.778	
201	1050.000	-66.923	
201	1051.000	-66.545	
201	1052.000	-66.898	
201	1053.000	-66.773	
201	1054.000	-64.767	
201	1055.000	-63.682	
201	1056.000	-64.823	
201	1057.000	-65.691	
201	1058.000	-66.341	
201	1059.000	-66.760	
201	1060.000	-66.320	
201	1061.000	-66.629	
201	1062.000	-67.178	
201	1063.000	-67.321	
201	1064.000	-67.544	
201	1065.000	-66.900	
201	1066.000	-66.532	
201	1067.000	-65.796	
201	1068.000	-65.968	
201	1069.000	-65.479	
201	1070.000	-65.315	
201	1071.000	-64.226	
201	1072.000	-63.821	
201	1073.000	-63.555	
201	1074.000	-63.593	
201	1075.000	-64.009	
201	1076.000	-64.935	
201	1077.000	-66.210	
201	1078.000	-67.409	
201	1079.000	-67.268	
201	1080.000	-66.977	
201	1081.000	-66.961	
201	1082.000	-66.897	
201	1083.000	-67.347	
201	1084.000	-67.326	
201	1085.000	-66.841	
201	1086.000	-66.314	
201	1087.000	-66.176	
201	1088.000	-65.282	
201	1089.000	-64.076	
201	1090.000	-63.138	
201	1091.000	-62.188	
201	1092.000	-62.103	
201	1093.000	-61.595	
201	1094.000	-61.441	
201	1095.000	-61.560	
201	1096.000	-61.134	
201	1097.000	-59.904	
201	1098.000	-58.904	
201	1099.000	-58.887	
201	1100.000	-59.101	
201	1101.000	-59.793	
201	1102.000	-59.728	
201	1103.000	-59.344	
201	1104.000	-60.994	
201	1105.000	-63.589	
201	1106.000	-65.513	
201	1107.000	-66.933	
201	1108.000	-67.197	
201	1109.000	-67.176	
201	1110.000	-68.088	
201	1111.000	-67.750	
201	1112.000	-67.654	
201	1113.000	-67.375	
201	1114.000	-66.591	
201	1115.000	-66.044	
201	1116.000	-65.092	
201	1117.000	-64.061	
201	1118.000	-63.668	
201	1119.000	-62.377	
201	1120.000	-62.447	
201	1121.000	-62.243	
201	1122.000	-61.347	
201	1123.000	-61.350	
201	1124.000	-61.715	
201	1125.000	-62.583	
201	1126.000	-63.674	
201	1127.000	-65.667	
201	1128.000	-67.198	
201	1129.000	-67.496	
201	1130.000	-67.899	
201	1131.000	-67.801	
201	1132.000	-68.246	
201	1133.000	-68.026	
201	1134.000	-66.996	
201	1135.000	-66.726	
201	1136.000	-64.987	
201	1137.000	-65.857	
201	1138.000	-66.967	
201	1139.000	-68.290	
201	1140.000	-68.724	
201	1141.000	-68.455	
201	1142.000	-67.201	
201	1143.000	-67.639	
201	1144.000	-67.902	
201	1145.000	-68.309	
201	1146.000	-67.967	
201	1147.000	-67.210	
201	1148.000	-66.699	
201	1149.000	-66.484	
201	1150.000	-66.475	
201	1151.000	-66.785	
201	1152.000	-66.039	
201	1153.000	-65.983	
201	1154.000	-64.767	
201	1155.000	-63.819	
201	1156.000	-64.010	
201	1157.000	-63.057	
201	1158.000	-61.554	
201	1159.000	-60.701	
201	1160.000	-59.716	
201	1161.000	-58.990	
201	1162.000	-57.622	
201	1163.000	-56.718	
201	1164.000	-56.379	
201	1165.000	-56.129	
201	1166.000	-56.165	
201	1167.000	-55.604	
201	1168.000	-54.868	
201	1169.000	-54.471	
201	1170.000	-54.455	
201	1171.000	-54.247	
201	1172.000	-54.095	
201	1173.000	-54.523	
201	1174.000	-53.833	
201	1175.000	-53.123	
201	1176.000	-52.596	
201	1177.000	-52.416	
201	1178.000	-52.809	
201	1179.000	-52.223	
201	1180.000	-52.797	
201	1181.000	-55.894	
201	1182.000	-58.457	
201	1183.000	-60.294	
201	1184.000	-62.827	
201	1185.000	-64.571	
201	1186.000	-65.081	
201	1187.000	-64.751	
201	1188.000	-64.246	
201	1189.000	-64.082	
201	1190.000	-64.288	
201	1191.000	-63.318	
201	1192.000	-63.256	
201	1193.000	-64.641	
201	1194.000	-65.372	
201	1195.000	-66.549	
201	1196.000	-66.931	
201	1197.000	-66.608	
201	1198.000	-67.161	
201	1199.000	-67.951	
201	1200.000	-68.470	
201	1201.000	-69.159	
201	1202.000	-69.080	
201	1203.000	-68.003	
201	1204.000	-66.885	
201	1205.000	-65.680	
201	1206.000	-64.560	
201	1207.000	-63.902	
201	1208.000	-63.361	
201	1209.000	-62.510	
201	1210.000	-62.080	
201	1211.000	-61.478	
201	1212.000	-60.672	
201	1213.000	-60.400	
201	1214.000	-59.593	
201	1215.000	-59.081	
201	1216.000	-58.497	
201	1217.000	-57.329	
201	1218.000	-57.077	
201	1219.000	-56.635	
201	1220.000	-56.296	
201	1221.000	-56.022	
201	1222.000	-55.787	
201	1223.000	-55.124	
201	1224.000	-54.930	
201	1225.000	-54.660	
201	1226.000	-55.222	
201	1227.000	-56.491	
201	1228.000	-57.560	
201	1229.000	-57.834	
201	1230.000	-58.552	
201	1231.000	-58.538	
201	1232.000	-59.433	
201	1233.000	-60.420	
201	1234.000	-61.710	
201	1235.000	-63.756	
201	1236.000	-64.294	
201	1237.000	-64.962	
201	1238.000	-64.791	
201	1239.000	-65.331	
201	1240.000	-65.580	
201	1241.000	-65.690	
201	1242.000	-65.126	
201	1243.000	-65.249	
201	1244.000	-64.548	
201	1245.000	-63.924	
201	1246.000	-64.285	
201	1247.000	-65.396	
201	1248.000	-66.690	
201	1249.000	-67.788	
201	1250.000	-68.346	
201	1251.000	-69.137	
201	1252.000	-69.085	
201	1253.000	-69.476	
201	1254.000	-68.861	
201	1255.000	-68.204	
201	1256.000	-67.204	
201	1257.000	-66.338	
201	1258.000	-66.055	
201	1259.000	-64.600	
201	1260.000	-63.430	
201	1261.000	-62.582	
201	1262.000	-61.437	
201	1263.000	-59.902	
201	1264.000	-59.257	
201	1265.000	-58.975	
201	1266.000	-58.735	
201	1267.000	-58.231	
201	1268.000	-58.275	
201	1269.000	-57.603	
201	1270.000	-57.636	
201	1271.000	-57.662	
201	1272.000	-56.500	
201	1273.000	-56.448	
201	1274.000	-55.990	
201	1275.000	-55.473	
201	1276.000	-55.422	
201	1277.000	-54.908	
201	1278.000	-55.279	
201	1279.000	-55.334	
201	1280.000	-54.868	
201	1281.000	-54.833	
201	1282.000	-54.595	
201	1283.000	-53.893	
201	1284.000	-53.421	
201	1285.000	-53.988	
201	1286.000	-54.592	
201	1287.000	-56.543	
201	1288.000	-58.819	
201	1289.000	-61.102	
201	1290.000	-62.136	
201	1291.000	-64.279	
201	1292.000	-65.918	
201	1293.000	-67.234	
201	1294.000	-66.191	
201	1295.000	-65.482	
201	1296.000	-65.997	
201	1297.000	-66.351	
201	1298.000	-65.317	
201	1299.000	-65.038	
201	1300.000	-65.032	
201	1301.000	-65.388	
201	1302.000	-65.864	
201	1303.000	-65.787	
201	1304.000	-65.706	
201	1305.000	-66.432	
201	1306.000	-66.660	
201	1307.000	-66.316	
201	1308.000	-65.486	
201	1309.000	-65.027	
201	1310.000	-65.337	
201	1311.000	-65.172	
201	1312.000	-64.337	
201	1313.000	-64.573	
201	1314.000	-64.069	
201	1315.000	-62.889	
201	1316.000	-62.973	
201	1317.000	-62.541	
201	1318.000	-62.229	
201	1319.000	-61.670	
201	1320.000	-60.739	
201	1321.000	-60.284	
201	1322.000	-59.652	
201	1323.000	-60.466	
201	1324.000	-61.931	
201	1325.000	-63.630	
201	1326.000	-64.820	
201	1327.000	-66.755	
201	1328.000	-67.322	
201	1329.000	-66.981	
201	1330.000	-67.413	
201	1331.000	-66.540	
201	1332.000	-65.900	
201	1333.000	-65.693	
201	1334.000	-65.879	
201	1335.000	-65.833	
201	1336.000	-66.012	
201	1337.000	-65.569	
201	1338.000	-65.031	
201	1339.000	-65.270	
201	1340.000	-65.405	
201	1341.000	-65.828	
201	1342.000	-66.222	
201	1343.000	-65.859	
201	1344.000	-65.622	
201	1345.000	-65.016	
201	1346.000	-64.342	
201	1347.000	-64.662	
201	1348.000	-65.241	
201	1349.000	-65.218	
201	1350.000	-65.455	
201	1351.000	-66.861	
201	1352.000	-66.344	
201	1353.000	-65.677	
201	1354.000	-64.639	
201	1355.000	-65.063	
201	1356.000	-64.763	
201	1357.000	-64.425	
201	1358.000	-63.674	
201	1359.000	-63.463	
201	1360.000	-63.296	
201	1361.000	-63.154	
201	1362.000	-62.359	
201	1363.000	-62.231	
201	1364.000	-61.059	
201	1365.000	-59.766	
201	1366.000	-60.095	
201	1367.000	-60.343	
201	1368.000	-60.739	
201	1369.000	-61.449	
201	1370.000	-62.721	
201	1371.000	-64.380	
201	1372.000	-65.320	
201	1373.000	-66.526	
201	1374.000	-67.944	
201	1375.000	-68.368	
201	1376.000	-67.554	
201	1377.000	-67.966	
201	1378.000	-66.896	
201	1379.000	-65.904	
201	1380.000	-64.733	
201	1381.000	-64.617	
201	1382.000	-64.203	
201	1383.000	-63.479	
201	1384.000	-62.991	
201	1385.000	-62.059	
201	1386.000	-61.199	
201	1387.000	-60.148	
201	1388.000	-60.382	
201	1389.000	-59.905	
201	1390.000	-59.432	
201	1391.000	-58.622	
201	1392.000	-57.443	
201	1393.000	-57.081	
201	1394.000	-58.472	
201	1395.000	-60.752	
201	1396.000	-62.677	
201	1397.000	-64.056	
201	1398.000	-64.196	
201	1399.000	-64.540	
201	1400.000	-64.596	
201	1401.000	-63.718	
201	1402.000	-63.769	
201	1403.000	-63.642	
201	1404.000	-63.684	
201	1405.000	-64.888	
201	1406.000	-65.105	
201	1407.000	-65.587	
201	1408.000	-66.378	
201	1409.000	-66.492	
201	1410.000	-66.404	
201	1411.000	-66.580	
201	1412.000	-66.472	
201	1413.000	-65.990	
201	1414.000	-66.309	
201	1415.000	-66.186	
201	1416.000	-66.252	
201	1417.000	-66.303	
201	1418.000	-66.358	
201	1419.000	-66.013	
201	1420.000	-65.491	
201	1421.000	-65.521	
201	1422.000	-65.217	
201	1423.000	-64.716	
201	1424.000	-63.567	
201	1425.000	-62.873	
201	1426.000	-62.433	
201	1427.000	-63.023	
201	1428.000	-64.015	
201	1429.000	-64.725	
201	1430.000	-65.121	
201	1431.000	-65.015	
201	1432.000	-65.194	
201	1433.000	-64.492	
201	1434.000	-63.303	
201	1435.000	-62.924	
201	1436.000	-61.459	
201	1437.000	-60.993	
201	1438.000	-61.017	
201	1439.000	-60.424	
201	1440.000	-59.714	
201	1441.000	-60.156	
201	1442.000	-60.109	
201	1443.000	-60.479	
201	1444.000	-62.337	
201	1445.000	-63.535	
201	1446.000	-64.374	
201	1447.000	-65.189	
201	1448.000	-64.636	
201	1449.000	-63.614	
201	1450.000	-62.950	
201	1451.000	-62.374	
201	1452.000	-62.041	
201	1453.000	-62.163	
201	1454.000	-62.127	
201	1455.000	-62.203	
201	1456.000	-62.184	
201	1457.000	-62.251	
201	1458.000	-61.336	
201	1459.000	-60.698	
201	1460.000	-60.044	
201	1461.000	-59.698	
201	1462.000	-59.138	
201	1463.000	-58.731	
201	1464.000	-58.615	
201	1465.000	-58.589	
201	1466.000	-58.221	
201	1467.000	-57.878	
201	1468.000	-57.873	
201	1469.000	-57.407	
201	1470.000	-57.054	
201	1471.000	-57.046	
201	1472.000	-56.844	
201	1473.000	-57.355	
201	1474.000	-58.112	
201	1475.000	-60.138	
201	1476.000	-61.974	
201	1477.000	-64.015	
201	1478.000	-65.005	
201	1479.000	-65.999	
201	1480.000	-65.578	
201	1481.000	-65.116	
201	1482.000	-64.737	
201	1483.000	-63.173	
201	1484.000	-62.737	
201	1485.000	-61.729	
201	1486.000	-61.044	
201	1487.000	-60.223	
201	1488.000	-59.860	
201	1489.000	-58.622	
201	1490.000	-58.592	
201	1491.000	-58.577	
201	1492.000	-58.302	
201	1493.000	-58.211	
201	1494.000	-57.365	
201	1495.000	-56.712	
201	1496.000	-55.760	
201	1497.000	-56.112	
201	1498.000	-56.592	
201	1499.000	-56.469	
201	1500.000	-56.362	
201	1501.000	-56.314	
201	1502.000	-56.281	
201	1503.000	-56.310	
201	1504.000	-56.730	
201	1505.000	-58.335	
201	1506.000	-58.994	
201	1507.000	-60.208	
201	1508.000	-60.319	
201	1509.000	-59.777	
201	1510.000	-59.863	
201	1511.000	-60.301	
201	1512.000	-60.163	
201	1513.000	-60.169	
201	1514.000	-59.996	
201	1515.000	-59.334	
201	1516.000	-58.325	
201	1517.000	-57.410	
201	1518.000	-57.667	
201	1519.000	-57.724	
201	1520.000	-57.391	
201	1521.000	-56.606	
201	1522.000	-56.034	
201	1523.000	-55.811	
201	1524.000	-55.989	
201	1525.000	-56.826	
201	1526.000	-57.291	
201	1527.000	-58.347	
201	1528.000	-59.001	
201	1529.000	-59.399	
201	1530.000	-59.697	
201	1531.000	-59.546	
201	1532.000	-59.996	
201	1533.000	-61.568	
201	1534.000	-63.955	
201	1535.000	-65.867	
201	1536.000	-67.465	
201	1537.000	-68.619	
201	1538.000	-68.825	
201	1539.000	-68.431	
201	1540.000	-66.812	
201	1541.000	-66.318	
201	1542.000	-64.960	
201	1543.000	-64.752	
201	1544.000	-63.614	
201	1545.000	-62.538	
201	1546.000	-62.212	
201	1547.000	-61.027	
201	1548.000	-60.635	
201	1549.000	-60.292	
201	1550.000	-60.388	
201	1551.000	-60.095	
201	1552.000	-59.801	
201	1553.000	-59.959	
201	1554.000	-58.607	
201	1555.000	-57.692	
201	1556.000	-59.644	
201	1557.000	-61.778	
201	1558.000	-63.358	
201	1559.000	-63.707	
201	1560.000	-64.275	
201	1561.000	-64.699	
201	1562.000	-64.177	
201	1563.000	-63.649	
201	1564.000	-63.314	
201	1565.000	-63.757	
201	1566.000	-64.268	
201	1567.000	-64.183	
201	1568.000	-64.231	
201	1569.000	-63.276	
201	1570.000	-62.572	
201	1571.000	-62.240	
201	1572.000	-61.703	
201	1573.000	-61.087	
201	1574.000	-61.220	
201	1575.000	-60.503	
201	1576.000	-60.057	
201	1577.000	-58.643	
201	1578.000	-57.595	
201	1579.000	-57.571	
201	1580.000	-57.110	
201	1581.000	-56.733	
201	1582.000	-55.988	
201	1583.000	-55.326	
201	1584.000	-55.073	
201	1585.000	-54.348	
201	1586.000	-53.452	
201	1587.000	-53.521	
201	1588.000	-53.941	
201	1589.000	-54.044	
201	1590.000	-53.674	
201	1591.000	-53.965	
201	1592.000	-53.982	
201	1593.000	-53.638	
201	1594.000	-53.734	
201	1595.000	-54.185	
201	1596.000	-54.131	
201	1597.000	-54.227	
201	1598.000	-54.731	
201	1599.000	-55.064	
201	1600.000	-55.153	
201	1601.000	-54.806	
201	1602.000	-55.147	
201	1603.000	-54.166	
201	1604.000	-53.504	
201	1605.000	-53.988	
201	1606.000	-54.571	
201	1607.000	-54.959	
201	1608.000	-55.085	
201	1609.000	-54.083	
201	1610.000	-55.469	
201	1611.000	-59.616	
201	1612.000	-62.738	
201	1613.000	-64.635	
201	1614.000	-66.265	
201	1615.000	-67.445	
201	1616.000	-68.045	
201	1617.000	-68.719	
201	1618.000	-69.260	
201	1619.000	-69.144	
201	1620.000	-68.105	
201	1621.000	-67.510	
201	1622.000	-67.210	
201	1623.000	-66.775	
201	1624.000	-65.595	
201	1625.000	-65.297	
201	1626.000	-64.431	
201	1627.000	-62.963	
201	1628.000	-62.207	
201	1629.000	-60.379	
201	1630.000	-59.951	
201	1631.000	-58.880	
201	1632.000	-58.213	
201	1633.000	-58.063	
201	1634.000	-58.436	
201	1635.000	-58.562	
201	1636.000	-58.947	
201	1637.000	-59.834	
201	1638.000	-60.022	
201	1639.000	-59.335	
201	1640.000	-58.867	
201	1641.000	-58.854	
201	1642.000	-58.616	
201	1643.000	-58.461	
201	1644.000	-58.474	
201	1645.000	-58.961	
201	1646.000	-59.721	
201	1647.000	-61.115	
201	1648.000	-62.438	
201	1649.000	-63.154	
201	1650.000	-62.945	
201	1651.000	-61.681	
201	1652.000	-61.219	
201	1653.000	-61.826	
201	1654.000	-62.655	
201	1655.000	-63.349	
201	1656.000	-63.869	
201	1657.000	-62.484	
201	1658.000	-61.714	
201	1659.000	-61.712	
201	1660.000	-61.186	
201	1661.000	-60.017	
201	1662.000	-60.694	
201	1663.000	-62.088	
201	1664.000	-62.611	
201	1665.000	-62.929	
201	1666.000	-62.819	
201	1667.000	-62.316	
201	1668.000	-62.309	
201	1669.000	-62.116	
201	1670.000	-61.967	
201	1671.000	-61.828	
201	1672.000	-61.716	
201	1673.000	-61.801	
201	1674.000	-61.077	
201	1675.000	-60.395	
201	1676.000	-59.325	
201	1677.000	-58.725	
201	1678.000	-57.839	
201	1679.000	-57.069	
201	1680.000	-57.024	
201	1681.000	-57.917	
201	1682.000	-60.173	
201	1683.000	-62.034	
201	1684.000	-64.509	
201	1685.000	-66.317	
201	1686.000	-67.298	
201	1687.000	-67.370	
201	1688.000	-67.581	
201	1689.000	-67.392	
201	1690.000	-66.168	
201	1691.000	-65.226	
201	1692.000	-64.070	
201	1693.000	-63.428	
201	1694.000	-61.006	
201	1695.000	-59.794	
201	1696.000	-60.014	
201	1697.000	-61.756	
201	1698.000	-63.684	
201	1699.000	-65.498	
201	1700.000	-66.070	
201	1701.000	-65.657	
201	1702.000	-65.578	
201	1703.000	-65.265	
201	1704.000	-64.771	
201	1705.000	-63.756	
201	1706.000	-63.218	
201	1707.000	-63.031	
201	1708.000	-62.202	
201	1709.000	-61.392	
201	1710.000	-61.630	
201	1711.000	-61.780	
201	1712.000	-61.795	
201	1713.000	-62.485	
201	1714.000	-63.840	
201	1715.000	-65.517	
201	1716.000	-66.261	
201	1717.000	-67.457	
201	1718.000	-67.848	
201	1719.000	-67.354	
201	1720.000	-66.451	
201	1721.000	-65.615	
201	1722.000	-65.482	
201	1723.000	-64.007	
201	1724.000	-62.472	
201	1725.000	-61.047	
201	1726.000	-59.863	
201	1727.000	-58.860	
201	1728.000	-58.369	
201	1729.000	-58.101	
201	1730.000	-57.370	
201	1731.000	-56.171	
201	1732.000	-56.020	
201	1733.000	-56.673	
201	1734.000	-57.374	
201	1735.000	-58.070	
201	1736.000	-59.189	
201	1737.000	-60.049	
201	1738.000	-60.121	
201	1739.000	-59.821	
201	1740.000	-60.967	
201	1741.000	-63.799	
201	1742.000	-66.501	
201	1743.000	-68.316	
201	1744.000	-68.654	
201	1745.000	-67.552	
201	1746.000	-66.063	
201	1747.000	-65.571	
201	1748.000	-64.917	
201	1749.000	-64.484	
201	1750.000	-63.750	
201	1751.000	-63.843	
201	1752.000	-63.350	
201	1753.000	-61.973	
201	1754.000	-61.145	
201	1755.000	-61.166	
201	1756.000	-60.495	
201	1757.000	-60.025	
201	1758.000	-59.978	
201	1759.000	-59.166	
201	1760.000	-58.525	
201	1761.000	-58.424	
201	1762.000	-57.875	
201	1763.000	-57.640	
201	1764.000	-59.213	
201	1765.000	-60.422	
201	1766.000	-61.975	
201	1767.000	-63.883	
201	1768.000	-64.590	
201	1769.000	-64.241	
201	1770.000	-64.482	
201	1771.000	-64.684	
201	1772.000	-64.544	
201	1773.000	-64.006	
201	1774.000	-63.305	
201	1775.000	-62.326	
201	1776.000	-60.789	
201	1777.000	-60.350	
201	1778.000	-60.475	
201	1779.000	-60.148	
201	1780.000	-60.040	
201	1781.000	-60.076	
201	1782.000	-59.487	
201	1783.000	-58.258	
201	1784.000	-57.307	
201	1785.000	-56.470	
201	1786.000	-56.083	
201	1787.000	-54.814	
201	1788.000	-54.885	
201	1789.000	-56.807	
201	1790.000	-59.014	
201	1791.000	-60.707	
201	1792.000	-62.111	
201	1793.000	-63.056	
201	1794.000	-64.218	
201	1795.000	-65.108	
201	1796.000	-66.136	
201	1797.000	-66.813	
201	1798.000	-66.912	
201	1799.000	-66.493	
201	1800.000	-65.666	
201	1801.000	-64.658	
201	1802.000	-64.215	
201	1803.000	-63.937	
201	1804.000	-63.483	
201	1805.000	-62.107	
201	1806.000	-61.230	
201	1807.000	-60.682	
201	1808.000	-59.908	
201	1809.000	-59.221	
201	1810.000	-58.578	
201	1811.000	-58.284	
201	1812.000	-57.279	
201	1813.000	-55.967	
201	1814.000	-55.563	
201	1815.000	-55.000	
201	1816.000	-55.652	
201	1817.000	-58.994	
201	1818.000	-64.361	
201	1819.000	-68.235	
201	1820.000	-70.548	
201	1821.000	-71.155	
201	1822.000	-70.886	
201	1823.000	-70.891	
201	1824.000	-70.240	
201	1825.000	-69.163	
201	1826.000	-68.495	
201	1827.000	-66.530	
201	1828.000	-65.767	
201	1829.000	-65.796	
201	1830.000	-65.266	
201	1831.000	-64.808	
201	1832.000	-64.513	
201	1833.000	-63.958	
201	1834.000	-62.480	
201	1835.000	-61.793	
201	1836.000	-61.041	
201	1837.000	-61.018	
201	1838.000	-61.638	
201	1839.000	-62.027	
201	1840.000	-63.814	
201	1841.000	-65.405	
201	1842.000	-67.012	
201	1843.000	-67.437	
201	1844.000	-67.279	
201	1845.000	-67.138	
201	1846.000	-68.044	
201	1847.000	-68.418	
201	1848.000	-69.078	
201	1849.000	-69.235	
201	1850.000	-69.094	
201	1851.000	-67.631	
201	1852.000	-67.386	
201	1853.000	-66.024	
201	1854.000	-65.214	
201	1855.000	-63.440	
201	1856.000	-62.582	
201	1857.000	-62.182	
201	1858.000	-61.762	
201	1859.000	-60.946	
201	1860.000	-60.293	
201	1861.000	-59.476	
201	1862.000	-58.916	
201	1863.000	-58.117	
201	1864.000	-57.898	
201	1865.000	-57.255	
201	1866.000	-57.989	
201	1867.000	-60.399	
201	1868.000	-62.309	
201	1869.000	-63.125	
201	1870.000	-63.614	
201	1871.000	-63.662	
201	1872.000	-64.303	
201	1873.000	-64.958	
201	1874.000	-65.740	
201	1875.000	-66.108	
201	1876.000	-65.856	
201	1877.000	-65.828	
201	1878.000	-65.802	
201	1879.000	-65.782	
201	1880.000	-65.325	
201	1881.000	-64.550	
201	1882.000	-64.336	
201	1883.000	-63.700	
201	1884.000	-62.748	
201	1885.000	-63.202	
201	1886.000	-64.877	
201	1887.000	-65.927	
201	1888.000	-66.717	
201	1889.000	-67.185	
201	1890.000	-68.041	
201	1891.000	-68.160	
201	1892.000	-67.999	
201	1893.000	-67.670	
201	1894.000	-67.582	
201	1895.000	-66.963	
201	1896.000	-66.141	
201	1897.000	-65.503	
201	1898.000	-64.472	
201	1899.000	-63.583	
201	1900.000	-62.941	
201	1901.000	-61.694	
201	1902.000	-60.788	
201	1903.000	-60.413	
201	1904.000	-60.999	
201	1905.000	-61.452	
201	1906.000	-62.257	
201	1907.000	-62.932	
201	1908.000	-63.322	
201	1909.000	-62.642	
201	1910.000	-62.582	
201	1911.000	-63.170	
201	1912.000	-63.371	
201	1913.000	-64.250	
201	1914.000	-65.683	
201	1915.000	-65.392	
201	1916.000	-65.626	
201	1917.000	-65.632	
201	1918.000	-64.770	
201	1919.000	-63.434	
201	1920.000	-63.175	
201	1921.000	-63.776	
201	1922.000	-63.977	
201	1923.000	-64.276	
201	1924.000	-63.642	
201	1925.000	-63.785	
201	1926.000	-63.027	
201	1927.000	-62.604	
201	1928.000	-62.745	
201	1929.000	-63.631	
201	1930.000	-64.290	
201	1931.000	-65.209	
201	1932.000	-65.119	
201	1933.000	-65.168	
201	1934.000	-64.598	
201	1935.000	-65.054	
201	1936.000	-65.087	
201	1937.000	-65.026	
201	1938.000	-64.634	
201	1939.000	-63.557	
201	1940.000	-62.530	
201	1941.000	-61.393	
201	1942.000	-61.042	
201	1943.000	-60.136	
201	1944.000	-59.014	
201	1945.000	-58.752	
201	1946.000	-59.335	
201	1947.000	-59.542	
201	1948.000	-60.426	
201	1949.000	-61.067	
201	1950.000	-61.986	
201	1951.000	-63.237	
201	1952.000	-63.772	
201	1953.000	-64.120	
201	1954.000	-64.582	
201	1955.000	-65.881	
201	1956.000	-66.616	
201	1957.000	-65.820	
201	1958.000	-65.527	
201	1959.000	-64.634	
201	1960.000	-64.389	
201	1961.000	-63.805	
201	1962.000	-63.851	
201	1963.000	-64.311	
201	1964.000	-64.893	
201	1965.000	-64.192	
201	1966.000	-63.412	
201	1967.000	-62.774	
201	1968.000	-63.052	
201	1969.000	-62.759	
201	1970.000	-62.020	
201	1971.000	-60.811	
201	1972.000	-59.458	
201	1973.000	-58.805	
201	1974.000	-58.557	
201	1975.000	-58.180	
201	1976.000	-57.565	
201	1977.000	-56.243	
201	1978.000	-55.822	
201	1979.000	-55.911	
201	1980.000	-55.565	
201	1981.000	-55.602	
201	1982.000	-56.485	
201	1983.000	-57.825	
201	1984.000	-58.561	
201	1985.000	-58.435	
201	1986.000	-58.311	
201	1987.000	-59.137	
201	1988.000	-60.316	
201	1989.000	-61.366	
201	1990.000	-63.158	
201	1991.000	-65.008	
201	1992.000	-66.277	
201	1993.000	-67.084	
201	1994.000	-67.107	
201	1995.000	-67.316	
201	1996.000	-67.140	
201	1997.000	-66.529	
201	1998.000	-66.211	
201	1999.000	-65.127	
