43	1.000	-70.000	
43	2.000	-69.903	
43	3.000	-68.451	
43	4.000	-66.890	
43	5.000	-66.274	
43	6.000	-65.448	
43	7.000	-64.507	
43	8.000	-63.385	
43	9.000	-63.124	
43	10.000	-63.113	
43	11.000	-62.395	
43	12.000	-61.705	
43	13.000	-61.788	
43	14.000	-60.823	
43	15.000	-59.791	
43	16.000	-59.353	
43	17.000	-59.037	
43	18.000	-58.699	
43	19.000	-59.841	
43	20.000	-61.778	
43	21.000	-63.390	
43	22.000	-64.542	
43	23.000	-65.554	
43	24.000	-65.864	
43	25.000	-67.583	
43	26.000	-68.425	
43	27.000	-68.895	
43	28.000	-69.227	
43	29.000	-69.336	
43	30.000	-69.685	
43	31.000	-69.185	
43	32.000	-69.021	
43	33.000	-68.929	
43	34.000	-67.886	
43	35.000	-66.513	
43	36.000	-65.182	
43	37.000	-63.761	
43	38.000	-63.066	
43	39.000	-61.541	
43	40.000	-60.167	
43	41.000	-60.127	
43	42.000	-60.138	
43	43.000	-59.733	
43	44.000	-59.934	
43	45.000	-60.955	
43	46.000	-61.628	
43	47.000	-62.068	
43	48.000	-62.151	
43	49.000	-62.296	
43	50.000	-62.954	
43	51.000	-63.140	
43	52.000	-63.404	
43	53.000	-64.000	
43	54.000	-65.745	
43	55.000	-68.561	
43	56.000	-70.746	
43	57.000	-72.729	
43	58.000	-73.705	
43	59.000	-73.887	
43	60.000	-73.115	
43	61.000	-73.083	
43	62.000	-73.530	
43	63.000	-72.931	
43	64.000	-72.084	
43	65.000	-71.356	
43	66.000	-70.288	
43	67.000	-68.388	
43	68.000	-66.325	
43	69.000	-65.625	
43	70.000	-64.645	
43	71.000	-63.287	
43	72.000	-62.028	
43	73.000	-61.497	
43	74.000	-60.878	
43	75.000	-60.605	
43	76.000	-61.277	
43	77.000	-62.312	
43	78.000	-62.476	
43	79.000	-62.404	
43	80.000	-62.467	
43	81.000	-63.353	
43	82.000	-63.196	
43	83.000	-63.068	
43	84.000	-63.994	
43	85.000	-64.326	
43	86.000	-64.191	
43	87.000	-63.741	
43	88.000	-62.426	
43	89.000	-61.854	
43	90.000	-62.031	
43	91.000	-61.242	
43	92.000	-60.308	
43	93.000	-59.860	
43	94.000	-58.691	
43	95.000	-58.158	
43	96.000	-57.679	
43	97.000	-57.378	
43	98.000	-57.079	
43	99.000	-57.419	
43	100.000	-58.347	
43	101.000	-59.689	
43	102.000	-61.965	
43	103.000	-63.702	
43	104.000	-64.913	
43	105.000	-64.791	
43	106.000	-65.039	
43	107.000	-64.478	
43	108.000	-64.488	
43	109.000	-64.100	
43	110.000	-63.960	
43	111.000	-63.693	
43	112.000	-63.884	
43	113.000	-63.622	
43	114.000	-63.264	
43	115.000	-63.109	
43	116.000	-63.399	
43	117.000	-64.477	
43	118.000	-64.509	
43	119.000	-64.523	
43	120.000	-64.754	
43	121.000	-65.632	
43	122.000	-66.383	
43	123.000	-67.217	
43	124.000	-67.707	
43	125.000	-68.211	
43	126.000	-68.548	
43	127.000	-69.475	
43	128.000	-69.197	
43	129.000	-70.049	
43	130.000	-71.230	
43	131.000	-71.304	
43	132.000	-70.698	
43	133.000	-70.425	
43	134.000	-69.122	
43	135.000	-67.944	
43	136.000	-66.341	
43	137.000	-65.781	
43	138.000	-65.342	
43	139.000	-64.399	
43	140.000	-64.745	
43	141.000	-63.854	
43	142.000	-62.960	
43	143.000	-64.074	
43	144.000	-65.768	
43	145.000	-67.178	
43	146.000	-68.243	
43	147.000	-69.880	
43	148.000	-70.720	
43	149.000	-71.275	
43	150.000	-71.213	
43	151.000	-70.518	
43	152.000	-68.843	
43	153.000	-67.680	
43	154.000	-67.603	
43	155.000	-67.421	
43	156.000	-67.145	
43	157.000	-66.950	
43	158.000	-66.374	
43	159.000	-65.333	
43	160.000	-64.359	
43	161.000	-63.661	
43	162.000	-63.419	
43	163.000	-63.268	
43	164.000	-62.475	
43	165.000	-62.121	
43	166.000	-61.467	
43	167.000	-60.516	
43	168.000	-60.838	
43	169.000	-60.426	
43	170.000	-61.795	
43	171.000	-62.879	
43	172.000	-63.536	
43	173.000	-64.498	
43	174.000	-65.355	
43	175.000	-65.330	
43	176.000	-64.770	
43	177.000	-65.070	
43	178.000	-65.627	
43	179.000	-65.802	
43	180.000	-65.960	
43	181.000	-65.877	
43	182.000	-66.168	
43	183.000	-66.878	
43	184.000	-67.563	
43	185.000	-68.896	
43	186.000	-69.254	
43	187.000	-69.680	
43	188.000	-69.140	
43	189.000	-68.980	
43	190.000	-69.629	
43	191.000	-69.856	
43	192.000	-69.508	
43	193.000	-68.881	
43	194.000	-68.140	
43	195.000	-67.881	
43	196.000	-67.624	
43	197.000	-65.681	
43	198.000	-64.440	
43	199.000	-64.145	
43	200.000	-63.243	
43	201.000	-63.856	
43	202.000	-64.086	
43	203.000	-65.370	
43	204.000	-65.934	
43	205.000	-66.857	
43	206.000	-67.204	
43	207.000	-66.981	
43	208.000	-66.678	
43	209.000	-67.449	
43	210.000	-67.556	
43	211.000	-67.831	
43	212.000	-68.148	
43	213.000	-68.357	
43	214.000	-69.196	
43	215.000	-69.742	
43	216.000	-70.047	
43	217.000	-69.505	
43	218.000	-69.305	
43	219.000	-68.832	
43	220.000	-69.115	
43	221.000	-70.359	
43	222.000	-71.649	
43	223.000	-72.806	
43	224.000	-72.738	
43	225.000	-72.282	
43	226.000	-72.968	
43	227.000	-73.445	
43	228.000	-72.585	
43	229.000	-71.558	
43	230.000	-71.069	
43	231.000	-69.722	
43	232.000	-68.512	
43	233.000	-66.908	
43	234.000	-65.310	
43	235.000	-64.623	
43	236.000	-64.211	
43	237.000	-62.847	
43	238.000	-62.313	
43	239.000	-62.152	
43	240.000	-62.021	
43	241.000	-60.978	
43	242.000	-60.562	
43	243.000	-59.932	
43	244.000	-59.351	
43	245.000	-58.761	
43	246.000	-59.597	
43	247.000	-60.847	
43	248.000	-62.519	
43	249.000	-65.223	
43	250.000	-68.090	
43	251.000	-69.509	
43	252.000	-69.530	
43	253.000	-69.542	
43	254.000	-69.354	
43	255.000	-69.554	
43	256.000	-69.462	
43	257.000	-68.804	
43	258.000	-67.323	
43	259.000	-66.490	
43	260.000	-66.333	
43	261.000	-66.679	
43	262.000	-66.963	
43	263.000	-67.425	
43	264.000	-67.578	
43	265.000	-67.248	
43	266.000	-66.908	
43	267.000	-65.654	
43	268.000	-63.989	
43	269.000	-63.239	
43	270.000	-62.654	
43	271.000	-62.999	
43	272.000	-63.209	
43	273.000	-66.037	
43	274.000	-68.510	
43	275.000	-69.479	
43	276.000	-69.960	
43	277.000	-70.609	
43	278.000	-71.213	
43	279.000	-72.082	
43	280.000	-72.112	
43	281.000	-70.886	
43	282.000	-68.790	
43	283.000	-68.394	
43	284.000	-67.924	
43	285.000	-67.674	
43	286.000	-67.153	
43	287.000	-65.954	
43	288.000	-64.496	
43	289.000	-63.417	
43	290.000	-62.795	
43	291.000	-62.273	
43	292.000	-62.119	
43	293.000	-61.338	
43	294.000	-61.115	
43	295.000	-61.140	
43	296.000	-61.586	
43	297.000	-61.072	
43	298.000	-61.374	
43	299.000	-61.664	
43	300.000	-61.763	
43	301.000	-62.822	
43	302.000	-64.738	
43	303.000	-66.488	
43	304.000	-67.423	
43	305.000	-67.667	
43	306.000	-68.337	
43	307.000	-68.820	
43	308.000	-68.749	
43	309.000	-68.174	
43	310.000	-67.497	
43	311.000	-66.695	
43	312.000	-66.159	
43	313.000	-65.853	
43	314.000	-65.747	
43	315.000	-65.045	
43	316.000	-64.114	
43	317.000	-63.036	
43	318.000	-63.095	
43	319.000	-62.893	
43	320.000	-62.662	
43	321.000	-62.092	
43	322.000	-61.652	
43	323.000	-61.910	
43	324.000	-62.330	
43	325.000	-63.830	
43	326.000	-65.404	
43	327.000	-65.568	
43	328.000	-65.282	
43	329.000	-64.374	
43	330.000	-64.470	
43	331.000	-66.823	
43	332.000	-68.388	
43	333.000	-69.895	
43	334.000	-71.180	
43	335.000	-71.995	
43	336.000	-72.301	
43	337.000	-71.813	
43	338.000	-71.781	
43	339.000	-70.994	
43	340.000	-69.712	
43	341.000	-68.939	
43	342.000	-69.210	
43	343.000	-68.487	
43	344.000	-67.708	
43	345.000	-66.735	
43	346.000	-65.677	
43	347.000	-65.084	
43	348.000	-65.008	
43	349.000	-64.394	
43	350.000	-63.134	
43	351.000	-62.394	
43	352.000	-61.452	
43	353.000	-60.408	
43	354.000	-60.861	
43	355.000	-60.663	
43	356.000	-60.963	
43	357.000	-61.695	
43	358.000	-62.250	
43	359.000	-63.222	
43	360.000	-63.286	
43	361.000	-63.996	
43	362.000	-64.481	
43	363.000	-63.142	
43	364.000	-62.155	
43	365.000	-62.056	
43	366.000	-61.712	
43	367.000	-62.213	
43	368.000	-62.813	
43	369.000	-63.058	
43	370.000	-64.807	
43	371.000	-66.273	
43	372.000	-67.103	
43	373.000	-67.016	
43	374.000	-66.392	
43	375.000	-65.436	
43	376.000	-64.368	
43	377.000	-63.921	
43	378.000	-64.087	
43	379.000	-63.977	
43	380.000	-64.301	
43	381.000	-65.329	
43	382.000	-66.378	
43	383.000	-67.225	
43	384.000	-68.459	
43	385.000	-68.499	
43	386.000	-68.430	
43	387.000	-68.626	
43	388.000	-67.556	
43	389.000	-67.818	
43	390.000	-67.935	
43	391.000	-67.356	
43	392.000	-67.346	
43	393.000	-66.910	
43	394.000	-67.026	
43	395.000	-66.213	
43	396.000	-65.486	
43	397.000	-65.306	
43	398.000	-64.820	
43	399.000	-64.772	
43	400.000	-64.552	
43	401.000	-63.234	
43	402.000	-61.796	
43	403.000	-61.635	
43	404.000	-62.249	
43	405.000	-62.416	
43	406.000	-62.998	
43	407.000	-63.839	
43	408.000	-64.655	
43	409.000	-64.977	
43	410.000	-65.143	
43	411.000	-65.125	
43	412.000	-64.421	
43	413.000	-63.802	
43	414.000	-63.705	
43	415.000	-63.127	
43	416.000	-62.651	
43	417.000	-61.654	
43	418.000	-61.500	
43	419.000	-62.010	
43	420.000	-63.055	
43	421.000	-64.146	
43	422.000	-64.719	
43	423.000	-64.677	
43	424.000	-64.516	
43	425.000	-64.557	
43	426.000	-64.048	
43	427.000	-63.981	
43	428.000	-64.281	
43	429.000	-64.686	
43	430.000	-65.600	
43	431.000	-65.541	
43	432.000	-65.423	
43	433.000	-65.238	
43	434.000	-64.246	
43	435.000	-63.710	
43	436.000	-63.450	
43	437.000	-63.297	
43	438.000	-62.518	
43	439.000	-61.688	
43	440.000	-60.923	
43	441.000	-60.185	
43	442.000	-58.872	
43	443.000	-57.691	
43	444.000	-57.090	
43	445.000	-56.144	
43	446.000	-56.139	
43	447.000	-55.453	
43	448.000	-55.359	
43	449.000	-54.935	
43	450.000	-55.243	
43	451.000	-56.542	
43	452.000	-59.079	
43	453.000	-61.337	
43	454.000	-62.771	
43	455.000	-63.895	
43	456.000	-65.705	
43	457.000	-66.375	
43	458.000	-66.605	
43	459.000	-66.526	
43	460.000	-65.207	
43	461.000	-64.597	
43	462.000	-64.343	
43	463.000	-64.458	
43	464.000	-63.931	
43	465.000	-63.602	
43	466.000	-63.496	
43	467.000	-63.820	
43	468.000	-64.363	
43	469.000	-66.301	
43	470.000	-67.422	
43	471.000	-67.873	
43	472.000	-68.437	
43	473.000	-67.180	
43	474.000	-66.265	
43	475.000	-64.594	
43	476.000	-64.788	
43	477.000	-65.127	
43	478.000	-64.697	
43	479.000	-63.558	
43	480.000	-63.460	
43	481.000	-63.650	
43	482.000	-63.090	
43	483.000	-62.063	
43	484.000	-61.234	
43	485.000	-60.395	
43	486.000	-59.398	
43	487.000	-59.641	
43	488.000	-60.411	
43	489.000	-61.483	
43	490.000	-62.735	
43	491.000	-64.840	
43	492.000	-66.638	
43	493.000	-68.091	
43	494.000	-68.937	
43	495.000	-68.748	
43	496.000	-68.097	
43	497.000	-67.464	
43	498.000	-67.186	
43	499.000	-67.592	
43	500.000	-68.284	
43	501.000	-68.227	
43	502.000	-67.520	
43	503.000	-67.167	
43	504.000	-66.745	
43	505.000	-65.502	
43	506.000	-64.791	
43	507.000	-64.268	
43	508.000	-64.901	
43	509.000	-65.552	
43	510.000	-65.953	
43	511.000	-66.029	
43	512.000	-66.923	
43	513.000	-67.222	
43	514.000	-67.093	
43	515.000	-66.723	
43	516.000	-67.223	
43	517.000	-66.683	
43	518.000	-65.823	
43	519.000	-64.543	
43	520.000	-63.232	
43	521.000	-63.039	
43	522.000	-62.982	
43	523.000	-63.786	
43	524.000	-64.913	
43	525.000	-65.341	
43	526.000	-64.516	
43	527.000	-64.599	
43	528.000	-63.956	
43	529.000	-63.482	
43	530.000	-63.632	
43	531.000	-64.696	
43	532.000	-65.157	
43	533.000	-65.086	
43	534.000	-64.030	
43	535.000	-63.721	
43	536.000	-64.021	
43	537.000	-63.287	
43	538.000	-63.806	
43	539.000	-64.241	
43	540.000	-64.917	
43	541.000	-65.748	
43	542.000	-65.972	
43	543.000	-66.058	
43	544.000	-65.201	
43	545.000	-63.958	
43	546.000	-63.192	
43	547.000	-62.778	
43	548.000	-61.450	
43	549.000	-60.278	
43	550.000	-60.103	
43	551.000	-60.064	
43	552.000	-60.391	
43	553.000	-60.846	
43	554.000	-60.410	
43	555.000	-60.618	
43	556.000	-60.496	
43	557.000	-60.361	
43	558.000	-60.440	
43	559.000	-60.475	
43	560.000	-58.860	
43	561.000	-58.260	
43	562.000	-57.534	
43	563.000	-58.377	
43	564.000	-59.511	
43	565.000	-60.585	
43	566.000	-62.058	
43	567.000	-62.590	
43	568.000	-63.172	
43	569.000	-63.231	
43	570.000	-62.848	
43	571.000	-62.559	
43	572.000	-62.191	
43	573.000	-61.464	
43	574.000	-61.671	
43	575.000	-62.543	
43	576.000	-63.896	
43	577.000	-65.066	
43	578.000	-65.452	
43	579.000	-66.122	
43	580.000	-66.452	
43	581.000	-66.758	
43	582.000	-66.270	
43	583.000	-66.340	
43	584.000	-65.389	
43	585.000	-64.654	
43	586.000	-64.283	
43	587.000	-64.216	
43	588.000	-64.294	
43	589.000	-65.011	
43	590.000	-64.532	
43	591.000	-64.822	
43	592.000	-64.675	
43	593.000	-63.769	
43	594.000	-62.081	
43	595.000	-61.119	
43	596.000	-61.748	
43	597.000	-61.914	
43	598.000	-61.984	
43	599.000	-62.221	
43	600.000	-62.596	
43	601.000	-63.087	
43	602.000	-63.834	
43	603.000	-65.343	
43	604.000	-67.324	
43	605.000	-68.813	
43	606.000	-69.783	
43	607.000	-69.913	
43	608.000	-69.745	
43	609.000	-69.243	
43	610.000	-68.652	
43	611.000	-68.903	
43	612.000	-69.853	
43	613.000	-71.210	
43	614.000	-71.866	
43	615.000	-71.773	
43	616.000	-72.086	
43	617.000	-72.702	
43	618.000	-73.035	
43	619.000	-71.198	
43	620.000	-69.773	
43	621.000	-69.177	
43	622.000	-68.134	
43	623.000	-68.595	
43	624.000	-68.034	
43	625.000	-66.820	
43	626.000	-65.858	
43	627.000	-65.336	
43	628.000	-64.649	
43	629.000	-63.776	
43	630.000	-62.562	
43	631.000	-61.558	
43	632.000	-60.031	
43	633.000	-59.214	
43	634.000	-58.946	
43	635.000	-59.068	
43	636.000	-60.431	
43	637.000	-61.700	
43	638.000	-62.912	
43	639.000	-63.894	
43	640.000	-64.906	
43	641.000	-66.048	
43	642.000	-65.973	
43	643.000	-65.700	
43	644.000	-65.311	
43	645.000	-66.451	
43	646.000	-67.812	
43	647.000	-69.043	
43	648.000	-70.032	
43	649.000	-70.992	
43	650.000	-71.096	
43	651.000	-71.249	
43	652.000	-70.680	
43	653.000	-70.374	
43	654.000	-69.025	
43	655.000	-68.046	
43	656.000	-67.382	
43	657.000	-66.903	
43	658.000	-66.178	
43	659.000	-65.869	
43	660.000	-65.895	
43	661.000	-65.316	
43	662.000	-65.467	
43	663.000	-65.461	
43	664.000	-64.814	
43	665.000	-64.764	
43	666.000	-65.220	
43	667.000	-66.485	
43	668.000	-67.412	
43	669.000	-67.863	
43	670.000	-68.297	
43	671.000	-67.584	
43	672.000	-67.290	
43	673.000	-67.372	
43	674.000	-66.654	
43	675.000	-65.173	
43	676.000	-63.911	
43	677.000	-63.421	
43	678.000	-62.379	
43	679.000	-62.231	
43	680.000	-61.718	
43	681.000	-60.740	
43	682.000	-60.510	
43	683.000	-60.069	
43	684.000	-60.847	
43	685.000	-60.941	
43	686.000	-61.007	
43	687.000	-61.043	
43	688.000	-60.886	
43	689.000	-60.372	
43	690.000	-59.958	
43	691.000	-59.508	
43	692.000	-59.289	
43	693.000	-59.780	
43	694.000	-61.830	
43	695.000	-64.435	
43	696.000	-66.814	
43	697.000	-69.485	
43	698.000	-71.941	
43	699.000	-72.937	
43	700.000	-73.504	
43	701.000	-73.271	
43	702.000	-72.521	
43	703.000	-71.828	
43	704.000	-70.945	
43	705.000	-70.102	
43	706.000	-69.975	
43	707.000	-68.371	
43	708.000	-66.897	
43	709.000	-65.426	
43	710.000	-64.584	
43	711.000	-63.875	
43	712.000	-63.244	
43	713.000	-62.449	
43	714.000	-62.093	
43	715.000	-61.787	
43	716.000	-61.635	
43	717.000	-61.019	
43	718.000	-60.249	
43	719.000	-60.827	
43	720.000	-61.633	
43	721.000	-62.626	
43	722.000	-63.903	
43	723.000	-63.761	
43	724.000	-64.232	
43	725.000	-64.349	
43	726.000	-62.873	
43	727.000	-62.766	
43	728.000	-63.390	
43	729.000	-63.743	
43	730.000	-63.501	
43	731.000	-63.068	
43	732.000	-64.093	
43	733.000	-65.184	
43	734.000	-65.707	
43	735.000	-67.159	
43	736.000	-67.700	
43	737.000	-67.769	
43	738.000	-68.623	
43	739.000	-68.230	
43	740.000	-68.177	
43	741.000	-67.856	
43	742.000	-67.182	
43	743.000	-66.344	
43	744.000	-65.559	
43	745.000	-64.551	
43	746.000	-64.900	
43	747.000	-65.064	
43	748.000	-65.341	
43	749.000	-65.667	
43	750.000	-65.318	
43	751.000	-63.421	
43	752.000	-62.605	
43	753.000	-63.139	
43	754.000	-63.031	
43	755.000	-63.242	
43	756.000	-62.911	
43	757.000	-62.644	
43	758.000	-62.520	
43	759.000	-63.567	
43	760.000	-65.846	
43	761.000	-67.482	
43	762.000	-67.504	
43	763.000	-68.425	
43	764.000	-69.025	
43	765.000	-69.456	
43	766.000	-69.250	
43	767.000	-67.979	
43	768.000	-67.772	
43	769.000	-67.072	
43	770.000	-66.097	
43	771.000	-65.235	
43	772.000	-63.622	
43	773.000	-62.936	
43	774.000	-61.638	
43	775.000	-62.193	
43	776.000	-62.625	
43	777.000	-62.952	
43	778.000	-62.759	
43	779.000	-63.406	
43	780.000	-62.813	
43	781.000	-62.464	
43	782.000	-62.048	
43	783.000	-62.591	
43	784.000	-63.083	
43	785.000	-64.607	
43	786.000	-65.883	
43	787.000	-67.064	
43	788.000	-66.854	
43	789.000	-66.602	
43	790.000	-66.686	
43	791.000	-67.160	
43	792.000	-67.620	
43	793.000	-67.660	
43	794.000	-67.056	
43	795.000	-67.379	
43	796.000	-66.220	
43	797.000	-65.987	
43	798.000	-64.889	
43	799.000	-64.620	
43	800.000	-65.053	
43	801.000	-64.998	
43	802.000	-65.251	
43	803.000	-65.335	
43	804.000	-65.087	
43	805.000	-64.887	
43	806.000	-64.255	
43	807.000	-63.561	
43	808.000	-62.600	
43	809.000	-62.170	
43	810.000	-62.185	
43	811.000	-61.792	
43	812.000	-61.854	
43	813.000	-61.833	
43	814.000	-62.642	
43	815.000	-63.108	
43	816.000	-63.397	
43	817.000	-63.979	
43	818.000	-63.885	
43	819.000	-64.009	
43	820.000	-64.186	
43	821.000	-64.270	
43	822.000	-65.525	
43	823.000	-66.677	
43	824.000	-68.400	
43	825.000	-70.137	
43	826.000	-70.527	
43	827.000	-71.533	
43	828.000	-71.513	
43	829.000	-71.660	
43	830.000	-71.400	
43	831.000	-70.588	
43	832.000	-70.059	
43	833.000	-69.678	
43	834.000	-69.085	
43	835.000	-69.109	
43	836.000	-68.384	
43	837.000	-67.586	
43	838.000	-67.259	
43	839.000	-67.969	
43	840.000	-67.277	
43	841.000	-66.339	
43	842.000	-66.757	
43	843.000	-67.176	
43	844.000	-68.844	
43	845.000	-68.598	
43	846.000	-69.651	
43	847.000	-70.130	
43	848.000	-70.777	
43	849.000	-71.141	
43	850.000	-71.733	
43	851.000	-71.840	
43	852.000	-70.768	
43	853.000	-70.445	
43	854.000	-70.312	
43	855.000	-69.512	
43	856.000	-68.467	
43	857.000	-67.625	
43	858.000	-67.229	
43	859.000	-67.112	
43	860.000	-66.512	
43	861.000	-65.193	
43	862.000	-63.784	
43	863.000	-63.388	
43	864.000	-64.586	
43	865.000	-66.409	
43	866.000	-68.105	
43	867.000	-69.400	
43	868.000	-69.645	
43	869.000	-68.962	
43	870.000	-69.035	
43	871.000	-69.069	
43	872.000	-68.319	
43	873.000	-67.886	
43	874.000	-66.668	
43	875.000	-65.778	
43	876.000	-65.366	
43	877.000	-65.031	
43	878.000	-65.587	
43	879.000	-65.348	
43	880.000	-64.738	
43	881.000	-63.658	
43	882.000	-62.600	
43	883.000	-61.646	
43	884.000	-60.688	
43	885.000	-60.324	
43	886.000	-60.074	
43	887.000	-59.471	
43	888.000	-59.103	
43	889.000	-58.580	
43	890.000	-58.304	
43	891.000	-57.506	
43	892.000	-57.960	
43	893.000	-59.813	
43	894.000	-62.324	
43	895.000	-65.365	
43	896.000	-67.089	
43	897.000	-68.034	
43	898.000	-68.875	
43	899.000	-69.757	
43	900.000	-69.793	
43	901.000	-67.837	
43	902.000	-67.331	
43	903.000	-66.505	
43	904.000	-66.037	
43	905.000	-65.912	
43	906.000	-64.957	
43	907.000	-65.078	
43	908.000	-65.747	
43	909.000	-66.012	
43	910.000	-66.077	
43	911.000	-66.561	
43	912.000	-67.355	
43	913.000	-67.512	
43	914.000	-67.023	
43	915.000	-66.668	
43	916.000	-65.776	
43	917.000	-65.475	
43	918.000	-63.772	
43	919.000	-63.212	
43	920.000	-62.069	
43	921.000	-60.423	
43	922.000	-59.719	
43	923.000	-59.651	
43	924.000	-59.721	
43	925.000	-59.209	
43	926.000	-58.575	
43	927.000	-58.493	
43	928.000	-57.745	
43	929.000	-57.052	
43	930.000	-56.558	
43	931.000	-56.569	
43	932.000	-55.868	
43	933.000	-55.794	
43	934.000	-55.539	
43	935.000	-53.854	
43	936.000	-53.668	
43	937.000	-54.247	
43	938.000	-55.160	
43	939.000	-56.528	
43	940.000	-58.781	
43	941.000	-61.271	
43	942.000	-64.386	
43	943.000	-67.506	
43	944.000	-69.352	
43	945.000	-71.015	
43	946.000	-72.026	
43	947.000	-72.676	
43	948.000	-71.953	
43	949.000	-71.385	
43	950.000	-70.374	
43	951.000	-69.532	
43	952.000	-67.535	
43	953.000	-66.297	
43	954.000	-64.972	
43	955.000	-63.831	
43	956.000	-62.967	
43	957.000	-62.514	
43	958.000	-60.981	
43	959.000	-59.804	
43	960.000	-58.863	
43	961.000	-57.979	
43	962.000	-58.406	
43	963.000	-59.953	
43	964.000	-61.899	
43	965.000	-62.961	
43	966.000	-63.892	
43	967.000	-64.788	
43	968.000	-64.843	
43	969.000	-66.455	
43	970.000	-68.354	
43	971.000	-69.854	
43	972.000	-70.061	
43	973.000	-69.076	
43	974.000	-68.156	
43	975.000	-67.684	
43	976.000	-66.944	
43	977.000	-66.687	
43	978.000	-66.326	
43	979.000	-64.653	
43	980.000	-63.779	
43	981.000	-62.787	
43	982.000	-62.178	
43	983.000	-61.301	
43	984.000	-60.363	
43	985.000	-60.743	
43	986.000	-61.943	
43	987.000	-61.923	
43	988.000	-61.675	
43	989.000	-61.365	
43	990.000	-60.749	
43	991.000	-59.188	
43	992.000	-59.134	
43	993.000	-59.307	
43	994.000	-59.688	
43	995.000	-59.601	
43	996.000	-60.362	
43	997.000	-60.734	
43	998.000	-61.181	
43	999.000	-62.354	
43	1000.000	-63.279	
43	1001.000	-62.354	
43	1002.000	-62.723	
43	1003.000	-63.318	
43	1004.000	-62.455	
43	1005.000	-61.716	
43	1006.000	-61.291	
43	1007.000	-62.124	
43	1008.000	-63.071	
43	1009.000	-64.316	
43	1010.000	-65.420	
43	1011.000	-65.080	
43	1012.000	-64.309	
43	1013.000	-65.044	
43	1014.000	-66.714	
43	1015.000	-67.993	
43	1016.000	-68.322	
43	1017.000	-68.179	
43	1018.000	-68.305	
43	1019.000	-67.940	
43	1020.000	-68.245	
43	1021.000	-68.960	
43	1022.000	-68.772	
43	1023.000	-68.868	
43	1024.000	-68.175	
43	1025.000	-68.118	
43	1026.000	-67.969	
43	1027.000	-67.519	
43	1028.000	-67.299	
43	1029.000	-67.851	
43	1030.000	-68.875	
43	1031.000	-69.103	
43	1032.000	-69.289	
43	1033.000	-68.889	
43	1034.000	-68.420	
43	1035.000	-68.442	
43	1036.000	-68.749	
43	1037.000	-69.635	
43	1038.000	-70.787	
43	1039.000	-71.753	
43	1040.000	-71.747	
43	1041.000	-71.437	
43	1042.000	-71.273	
43	1043.000	-70.559	
43	1044.000	-69.482	
43	1045.000	-69.022	
43	1046.000	-67.729	
43	1047.000	-66.698	
43	1048.000	-65.429	
43	1049.000	-64.278	
43	1050.000	-63.300	
43	1051.000	-61.366	
43	1052.000	-59.692	
43	1053.000	-58.728	
43	1054.000	-58.585	
43	1055.000	-59.956	
43	1056.000	-62.127	
43	1057.000	-63.880	
43	1058.000	-65.305	
43	1059.000	-66.534	
43	1060.000	-67.828	
43	1061.000	-68.809	
43	1062.000	-70.203	
43	1063.000	-69.910	
43	1064.000	-69.875	
43	1065.000	-68.786	
43	1066.000	-67.878	
43	1067.000	-68.653	
43	1068.000	-69.234	
43	1069.000	-69.508	
43	1070.000	-68.716	
43	1071.000	-68.231	
43	1072.000	-67.080	
43	1073.000	-67.143	
43	1074.000	-68.205	
43	1075.000	-69.194	
43	1076.000	-70.371	
43	1077.000	-71.231	
43	1078.000	-71.704	
43	1079.000	-71.641	
43	1080.000	-70.629	
43	1081.000	-69.587	
43	1082.000	-69.483	
43	1083.000	-68.143	
43	1084.000	-67.406	
43	1085.000	-67.739	
43	1086.000	-67.324	
43	1087.000	-65.556	
43	1088.000	-64.951	
43	1089.000	-64.785	
43	1090.000	-64.774	
43	1091.000	-64.775	
43	1092.000	-64.249	
43	1093.000	-64.786	
43	1094.000	-65.342	
43	1095.000	-64.819	
43	1096.000	-64.599	
43	1097.000	-63.846	
43	1098.000	-63.132	
43	1099.000	-62.152	
43	1100.000	-60.632	
43	1101.000	-60.749	
43	1102.000	-60.932	
43	1103.000	-61.738	
43	1104.000	-61.781	
43	1105.000	-62.243	
43	1106.000	-64.106	
43	1107.000	-65.465	
43	1108.000	-66.663	
43	1109.000	-66.879	
43	1110.000	-67.480	
43	1111.000	-67.517	
43	1112.000	-67.385	
43	1113.000	-67.334	
43	1114.000	-67.512	
43	1115.000	-67.852	
43	1116.000	-68.542	
43	1117.000	-67.601	
43	1118.000	-66.829	
43	1119.000	-66.831	
43	1120.000	-66.342	
43	1121.000	-66.200	
43	1122.000	-65.682	
43	1123.000	-64.056	
43	1124.000	-63.480	
43	1125.000	-63.423	
43	1126.000	-63.348	
43	1127.000	-64.394	
43	1128.000	-65.736	
43	1129.000	-66.474	
43	1130.000	-67.117	
43	1131.000	-67.806	
43	1132.000	-68.164	
43	1133.000	-67.089	
43	1134.000	-66.179	
43	1135.000	-66.350	
43	1136.000	-67.401	
43	1137.000	-67.017	
43	1138.000	-67.250	
43	1139.000	-66.650	
43	1140.000	-66.590	
43	1141.000	-66.648	
43	1142.000	-67.434	
43	1143.000	-67.942	
43	1144.000	-67.569	
43	1145.000	-67.980	
43	1146.000	-68.036	
43	1147.000	-68.189	
43	1148.000	-67.817	
43	1149.000	-68.083	
43	1150.000	-68.546	
43	1151.000	-68.962	
43	1152.000	-69.123	
43	1153.000	-68.089	
43	1154.000	-67.587	
43	1155.000	-66.263	
43	1156.000	-66.160	
43	1157.000	-66.595	
43	1158.000	-67.614	
43	1159.000	-68.415	
43	1160.000	-68.479	
43	1161.000	-68.498	
43	1162.000	-68.224	
43	1163.000	-68.252	
43	1164.000	-67.003	
43	1165.000	-65.359	
43	1166.000	-64.164	
43	1167.000	-63.363	
43	1168.000	-61.977	
43	1169.000	-60.931	
43	1170.000	-59.421	
43	1171.000	-58.404	
43	1172.000	-58.429	
43	1173.000	-59.425	
43	1174.000	-60.391	
43	1175.000	-60.706	
43	1176.000	-61.229	
43	1177.000	-61.313	
43	1178.000	-60.733	
43	1179.000	-60.066	
43	1180.000	-59.945	
43	1181.000	-60.819	
43	1182.000	-61.947	
43	1183.000	-62.753	
43	1184.000	-62.612	
43	1185.000	-62.841	
43	1186.000	-63.223	
43	1187.000	-64.790	
43	1188.000	-65.293	
43	1189.000	-65.600	
43	1190.000	-66.660	
43	1191.000	-66.897	
43	1192.000	-67.183	
43	1193.000	-66.296	
43	1194.000	-66.146	
43	1195.000	-65.554	
43	1196.000	-65.060	
43	1197.000	-64.134	
43	1198.000	-64.743	
43	1199.000	-66.240	
43	1200.000	-67.586	
43	1201.000	-68.416	
43	1202.000	-68.678	
43	1203.000	-69.002	
43	1204.000	-69.242	
43	1205.000	-69.942	
43	1206.000	-70.243	
43	1207.000	-70.375	
43	1208.000	-69.851	
43	1209.000	-70.505	
43	1210.000	-71.114	
43	1211.000	-71.115	
43	1212.000	-70.692	
43	1213.000	-70.627	
43	1214.000	-70.622	
43	1215.000	-69.480	
43	1216.000	-68.746	
43	1217.000	-67.010	
43	1218.000	-66.294	
43	1219.000	-65.166	
43	1220.000	-63.882	
43	1221.000	-63.428	
43	1222.000	-62.392	
43	1223.000	-60.991	
43	1224.000	-60.606	
43	1225.000	-59.716	
43	1226.000	-59.342	
43	1227.000	-59.585	
43	1228.000	-59.904	
43	1229.000	-60.157	
43	1230.000	-61.011	
43	1231.000	-61.621	
43	1232.000	-61.886	
43	1233.000	-61.547	
43	1234.000	-60.368	
43	1235.000	-60.254	
43	1236.000	-59.668	
43	1237.000	-58.605	
43	1238.000	-57.903	
43	1239.000	-57.837	
43	1240.000	-57.727	
43	1241.000	-57.077	
43	1242.000	-57.287	
43	1243.000	-57.143	
43	1244.000	-56.865	
43	1245.000	-57.381	
43	1246.000	-57.132	
43	1247.000	-57.264	
43	1248.000	-56.891	
43	1249.000	-57.051	
43	1250.000	-58.160	
43	1251.000	-59.598	
43	1252.000	-60.371	
43	1253.000	-61.150	
43	1254.000	-61.184	
43	1255.000	-60.437	
43	1256.000	-60.110	
43	1257.000	-59.796	
43	1258.000	-59.194	
43	1259.000	-59.575	
43	1260.000	-60.873	
43	1261.000	-61.817	
43	1262.000	-62.708	
43	1263.000	-62.894	
43	1264.000	-63.164	
43	1265.000	-65.728	
43	1266.000	-67.952	
43	1267.000	-69.571	
43	1268.000	-70.234	
43	1269.000	-70.528	
43	1270.000	-70.299	
43	1271.000	-69.682	
43	1272.000	-69.084	
43	1273.000	-68.434	
43	1274.000	-67.420	
43	1275.000	-67.285	
43	1276.000	-66.181	
43	1277.000	-64.996	
43	1278.000	-63.928	
43	1279.000	-63.260	
43	1280.000	-62.452	
43	1281.000	-61.628	
43	1282.000	-61.293	
43	1283.000	-61.667	
43	1284.000	-62.637	
43	1285.000	-65.378	
43	1286.000	-67.827	
43	1287.000	-69.066	
43	1288.000	-70.638	
43	1289.000	-71.459	
43	1290.000	-71.641	
43	1291.000	-71.147	
43	1292.000	-69.904	
43	1293.000	-69.940	
43	1294.000	-68.663	
43	1295.000	-68.303	
43	1296.000	-68.266	
43	1297.000	-68.361	
43	1298.000	-68.794	
43	1299.000	-69.672	
43	1300.000	-69.725	
43	1301.000	-69.633	
43	1302.000	-70.544	
43	1303.000	-70.204	
43	1304.000	-69.467	
43	1305.000	-68.995	
43	1306.000	-68.504	
43	1307.000	-68.180	
43	1308.000	-67.171	
43	1309.000	-65.675	
43	1310.000	-65.279	
43	1311.000	-63.069	
43	1312.000	-62.255	
43	1313.000	-60.728	
43	1314.000	-60.137	
43	1315.000	-59.894	
43	1316.000	-59.709	
43	1317.000	-59.255	
43	1318.000	-58.660	
43	1319.000	-58.304	
43	1320.000	-58.299	
43	1321.000	-57.322	
43	1322.000	-57.036	
43	1323.000	-56.439	
43	1324.000	-54.862	
43	1325.000	-54.240	
43	1326.000	-54.942	
43	1327.000	-56.764	
43	1328.000	-58.189	
43	1329.000	-59.345	
43	1330.000	-59.446	
43	1331.000	-59.896	
43	1332.000	-59.656	
43	1333.000	-59.368	
43	1334.000	-58.738	
43	1335.000	-57.874	
43	1336.000	-58.184	
43	1337.000	-57.521	
43	1338.000	-56.232	
43	1339.000	-56.640	
43	1340.000	-58.069	
43	1341.000	-59.094	
43	1342.000	-59.881	
43	1343.000	-60.183	
43	1344.000	-59.719	
43	1345.000	-59.823	
43	1346.000	-60.006	
43	1347.000	-61.099	
43	1348.000	-63.336	
43	1349.000	-65.121	
43	1350.000	-66.843	
43	1351.000	-67.723	
43	1352.000	-66.968	
43	1353.000	-66.696	
43	1354.000	-65.867	
43	1355.000	-65.669	
43	1356.000	-64.635	
43	1357.000	-63.958	
43	1358.000	-64.356	
43	1359.000	-65.087	
43	1360.000	-65.732	
43	1361.000	-65.713	
43	1362.000	-64.622	
43	1363.000	-63.293	
43	1364.000	-62.911	
43	1365.000	-61.374	
43	1366.000	-60.799	
43	1367.000	-60.677	
43	1368.000	-60.111	
43	1369.000	-60.399	
43	1370.000	-62.419	
43	1371.000	-64.615	
43	1372.000	-65.472	
43	1373.000	-67.787	
43	1374.000	-69.544	
43	1375.000	-71.439	
43	1376.000	-71.893	
43	1377.000	-72.734	
43	1378.000	-73.061	
43	1379.000	-72.512	
43	1380.000	-71.802	
43	1381.000	-70.530	
43	1382.000	-69.853	
43	1383.000	-68.678	
43	1384.000	-68.488	
43	1385.000	-68.001	
43	1386.000	-67.413	
43	1387.000	-66.795	
43	1388.000	-66.164	
43	1389.000	-65.574	
43	1390.000	-64.154	
43	1391.000	-63.679	
43	1392.000	-62.511	
43	1393.000	-61.696	
43	1394.000	-60.408	
43	1395.000	-59.422	
43	1396.000	-59.463	
43	1397.000	-59.794	
43	1398.000	-60.264	
43	1399.000	-60.951	
43	1400.000	-60.930	
43	1401.000	-60.731	
43	1402.000	-60.406	
43	1403.000	-60.008	
43	1404.000	-60.446	
43	1405.000	-61.272	
43	1406.000	-62.461	
43	1407.000	-62.685	
43	1408.000	-63.075	
43	1409.000	-63.550	
43	1410.000	-63.231	
43	1411.000	-64.297	
43	1412.000	-64.465	
43	1413.000	-64.618	
43	1414.000	-63.634	
43	1415.000	-63.458	
43	1416.000	-64.000	
43	1417.000	-64.121	
43	1418.000	-64.308	
43	1419.000	-64.357	
43	1420.000	-64.074	
43	1421.000	-62.888	
43	1422.000	-63.064	
43	1423.000	-62.730	
43	1424.000	-63.138	
43	1425.000	-63.428	
43	1426.000	-64.482	
43	1427.000	-65.817	
43	1428.000	-66.755	
43	1429.000	-67.029	
43	1430.000	-68.356	
43	1431.000	-69.746	
43	1432.000	-70.433	
43	1433.000	-70.114	
43	1434.000	-69.493	
43	1435.000	-69.669	
43	1436.000	-69.374	
43	1437.000	-68.881	
43	1438.000	-67.684	
43	1439.000	-66.925	
43	1440.000	-65.864	
43	1441.000	-64.750	
43	1442.000	-63.950	
43	1443.000	-63.316	
43	1444.000	-62.862	
43	1445.000	-62.128	
43	1446.000	-62.072	
43	1447.000	-61.698	
43	1448.000	-60.871	
43	1449.000	-60.458	
43	1450.000	-60.548	
43	1451.000	-60.328	
43	1452.000	-59.743	
43	1453.000	-59.718	
43	1454.000	-60.569	
43	1455.000	-60.847	
43	1456.000	-62.616	
43	1457.000	-64.570	
43	1458.000	-66.919	
43	1459.000	-68.345	
43	1460.000	-68.775	
43	1461.000	-68.631	
43	1462.000	-68.150	
43	1463.000	-67.796	
43	1464.000	-66.772	
43	1465.000	-66.069	
43	1466.000	-65.478	
43	1467.000	-64.285	
43	1468.000	-63.479	
43	1469.000	-63.040	
43	1470.000	-62.748	
43	1471.000	-62.145	
43	1472.000	-61.189	
43	1473.000	-59.978	
43	1474.000	-58.875	
43	1475.000	-58.964	
43	1476.000	-58.605	
43	1477.000	-57.897	
43	1478.000	-56.511	
43	1479.000	-56.468	
43	1480.000	-57.969	
43	1481.000	-59.626	
43	1482.000	-61.116	
43	1483.000	-61.616	
43	1484.000	-62.675	
43	1485.000	-63.444	
43	1486.000	-63.201	
43	1487.000	-63.569	
43	1488.000	-64.066	
43	1489.000	-64.595	
43	1490.000	-65.357	
43	1491.000	-65.993	
43	1492.000	-67.072	
43	1493.000	-67.491	
43	1494.000	-68.356	
43	1495.000	-69.133	
43	1496.000	-69.610	
43	1497.000	-69.420	
43	1498.000	-69.150	
43	1499.000	-67.616	
43	1500.000	-65.474	
43	1501.000	-65.260	
43	1502.000	-64.979	
43	1503.000	-64.031	
43	1504.000	-62.893	
43	1505.000	-62.272	
43	1506.000	-61.970	
43	1507.000	-61.599	
43	1508.000	-62.491	
43	1509.000	-62.821	
43	1510.000	-62.796	
43	1511.000	-63.672	
43	1512.000	-63.811	
43	1513.000	-63.911	
43	1514.000	-63.867	
43	1515.000	-63.815	
43	1516.000	-63.274	
43	1517.000	-62.422	
43	1518.000	-61.796	
43	1519.000	-61.992	
43	1520.000	-62.105	
43	1521.000	-61.553	
43	1522.000	-59.974	
43	1523.000	-59.291	
43	1524.000	-58.892	
43	1525.000	-57.981	
43	1526.000	-57.244	
43	1527.000	-56.890	
43	1528.000	-57.276	
43	1529.000	-58.812	
43	1530.000	-60.833	
43	1531.000	-62.491	
43	1532.000	-63.900	
43	1533.000	-64.675	
43	1534.000	-65.075	
43	1535.000	-66.501	
43	1536.000	-67.934	
43	1537.000	-69.119	
43	1538.000	-69.477	
43	1539.000	-70.448	
43	1540.000	-70.431	
43	1541.000	-70.278	
43	1542.000	-70.827	
43	1543.000	-70.580	
43	1544.000	-69.715	
43	1545.000	-69.471	
43	1546.000	-68.077	
43	1547.000	-67.279	
43	1548.000	-66.281	
43	1549.000	-65.938	
43	1550.000	-65.569	
43	1551.000	-63.995	
43	1552.000	-63.036	
43	1553.000	-62.183	
43	1554.000	-61.282	
43	1555.000	-60.540	
43	1556.000	-61.223	
43	1557.000	-61.971	
43	1558.000	-62.227	
43	1559.000	-62.418	
43	1560.000	-61.773	
43	1561.000	-61.839	
43	1562.000	-61.828	
43	1563.000	-61.667	
43	1564.000	-61.304	
43	1565.000	-61.300	
43	1566.000	-60.983	
43	1567.000	-60.735	
43	1568.000	-60.023	
43	1569.000	-59.459	
43	1570.000	-58.861	
43	1571.000	-58.095	
43	1572.000	-58.241	
43	1573.000	-58.186	
43	1574.000	-58.431	
43	1575.000	-58.750	
43	1576.000	-58.890	
43	1577.000	-58.958	
43	1578.000	-58.484	
43	1579.000	-57.744	
43	1580.000	-57.916	
43	1581.000	-60.316	
43	1582.000	-62.070	
43	1583.000	-63.272	
43	1584.000	-63.953	
43	1585.000	-64.465	
43	1586.000	-65.020	
43	1587.000	-64.589	
43	1588.000	-64.256	
43	1589.000	-63.721	
43	1590.000	-63.361	
43	1591.000	-62.826	
43	1592.000	-62.943	
43	1593.000	-62.855	
43	1594.000	-63.193	
43	1595.000	-62.795	
43	1596.000	-62.539	
43	1597.000	-62.498	
43	1598.000	-62.245	
43	1599.000	-60.479	
43	1600.000	-60.633	
43	1601.000	-60.576	
43	1602.000	-60.856	
43	1603.000	-60.296	
43	1604.000	-61.355	
43	1605.000	-62.329	
43	1606.000	-62.088	
43	1607.000	-62.375	
43	1608.000	-62.417	
43	1609.000	-62.566	
43	1610.000	-63.137	
43	1611.000	-64.362	
43	1612.000	-66.188	
43	1613.000	-66.456	
43	1614.000	-67.489	
43	1615.000	-67.537	
43	1616.000	-67.466	
43	1617.000	-67.481	
43	1618.000	-67.491	
43	1619.000	-66.175	
43	1620.000	-65.947	
43	1621.000	-65.493	
43	1622.000	-64.394	
43	1623.000	-63.849	
43	1624.000	-63.694	
43	1625.000	-63.602	
43	1626.000	-62.537	
43	1627.000	-62.493	
43	1628.000	-62.421	
43	1629.000	-61.769	
43	1630.000	-61.422	
43	1631.000	-61.352	
43	1632.000	-62.209	
43	1633.000	-63.167	
43	1634.000	-64.038	
43	1635.000	-64.542	
43	1636.000	-64.653	
43	1637.000	-64.819	
43	1638.000	-64.967	
43	1639.000	-64.664	
43	1640.000	-64.721	
43	1641.000	-65.385	
43	1642.000	-66.913	
43	1643.000	-67.466	
43	1644.000	-67.463	
43	1645.000	-68.528	
43	1646.000	-67.963	
43	1647.000	-68.719	
43	1648.000	-67.738	
43	1649.000	-67.049	
43	1650.000	-66.629	
43	1651.000	-65.908	
43	1652.000	-64.783	
43	1653.000	-64.120	
43	1654.000	-62.946	
43	1655.000	-62.324	
43	1656.000	-61.574	
43	1657.000	-60.612	
43	1658.000	-59.622	
43	1659.000	-59.653	
43	1660.000	-59.895	
43	1661.000	-60.942	
43	1662.000	-61.024	
43	1663.000	-61.886	
43	1664.000	-61.428	
43	1665.000	-61.080	
43	1666.000	-60.717	
43	1667.000	-60.394	
43	1668.000	-59.292	
43	1669.000	-58.899	
43	1670.000	-58.828	
43	1671.000	-58.477	
43	1672.000	-58.367	
43	1673.000	-57.871	
43	1674.000	-58.220	
43	1675.000	-58.277	
43	1676.000	-58.483	
43	1677.000	-58.367	
43	1678.000	-58.382	
43	1679.000	-57.570	
43	1680.000	-56.867	
43	1681.000	-56.525	
43	1682.000	-57.852	
43	1683.000	-59.006	
43	1684.000	-59.035	
43	1685.000	-59.254	
43	1686.000	-60.542	
43	1687.000	-62.206	
43	1688.000	-64.696	
43	1689.000	-65.645	
43	1690.000	-66.706	
43	1691.000	-66.333	
43	1692.000	-66.057	
43	1693.000	-65.654	
43	1694.000	-66.095	
43	1695.000	-65.979	
43	1696.000	-66.525	
43	1697.000	-66.572	
43	1698.000	-66.083	
43	1699.000	-66.254	
43	1700.000	-66.868	
43	1701.000	-67.382	
43	1702.000	-66.364	
43	1703.000	-66.175	
43	1704.000	-65.889	
43	1705.000	-64.801	
43	1706.000	-64.038	
43	1707.000	-62.093	
43	1708.000	-61.480	
43	1709.000	-60.468	
43	1710.000	-61.027	
43	1711.000	-61.749	
43	1712.000	-62.942	
43	1713.000	-64.195	
43	1714.000	-64.661	
43	1715.000	-63.933	
43	1716.000	-64.387	
43	1717.000	-65.663	
43	1718.000	-66.389	
43	1719.000	-67.112	
43	1720.000	-66.943	
43	1721.000	-66.293	
43	1722.000	-66.519	
43	1723.000	-67.195	
43	1724.000	-67.478	
43	1725.000	-67.094	
43	1726.000	-67.161	
43	1727.000	-67.135	
43	1728.000	-67.252	
43	1729.000	-67.847	
43	1730.000	-68.005	
43	1731.000	-68.145	
43	1732.000	-68.401	
43	1733.000	-68.130	
43	1734.000	-67.107	
43	1735.000	-67.196	
43	1736.000	-68.733	
43	1737.000	-69.402	
43	1738.000	-68.773	
43	1739.000	-68.895	
43	1740.000	-68.729	
43	1741.000	-68.639	
43	1742.000	-67.380	
43	1743.000	-67.411	
43	1744.000	-67.137	
43	1745.000	-66.820	
43	1746.000	-66.333	
43	1747.000	-66.252	
43	1748.000	-66.419	
43	1749.000	-65.823	
43	1750.000	-65.359	
43	1751.000	-64.457	
43	1752.000	-64.411	
43	1753.000	-63.623	
43	1754.000	-63.722	
43	1755.000	-63.476	
43	1756.000	-63.639	
43	1757.000	-63.899	
43	1758.000	-63.949	
43	1759.000	-63.214	
43	1760.000	-63.612	
43	1761.000	-64.534	
43	1762.000	-65.368	
43	1763.000	-64.053	
43	1764.000	-62.652	
43	1765.000	-61.599	
43	1766.000	-61.160	
43	1767.000	-60.719	
43	1768.000	-59.969	
43	1769.000	-59.978	
43	1770.000	-58.940	
43	1771.000	-58.575	
43	1772.000	-59.504	
43	1773.000	-60.311	
43	1774.000	-61.337	
43	1775.000	-61.417	
43	1776.000	-61.936	
43	1777.000	-61.728	
43	1778.000	-61.630	
43	1779.000	-61.280	
43	1780.000	-60.634	
43	1781.000	-59.432	
43	1782.000	-58.954	
43	1783.000	-58.463	
43	1784.000	-59.111	
43	1785.000	-60.164	
43	1786.000	-60.967	
43	1787.000	-61.226	
43	1788.000	-60.799	
43	1789.000	-61.947	
43	1790.000	-64.647	
43	1791.000	-65.565	
43	1792.000	-67.275	
43	1793.000	-67.150	
43	1794.000	-68.499	
43	1795.000	-69.821	
43	1796.000	-69.842	
43	1797.000	-69.889	
43	1798.000	-69.597	
43	1799.000	-68.537	
43	1800.000	-67.865	
43	1801.000	-68.176	
43	1802.000	-68.520	
43	1803.000	-68.036	
43	1804.000	-66.644	
43	1805.000	-64.676	
43	1806.000	-63.982	
43	1807.000	-63.101	
43	1808.000	-62.280	
43	1809.000	-61.597	
43	1810.000	-61.602	
43	1811.000	-61.696	
43	1812.000	-60.753	
43	1813.000	-60.881	
43	1814.000	-61.534	
43	1815.000	-63.060	
43	1816.000	-65.305	
43	1817.000	-67.292	
43	1818.000	-68.611	
43	1819.000	-70.366	
43	1820.000	-71.707	
43	1821.000	-72.084	
43	1822.000	-72.019	
43	1823.000	-71.766	
43	1824.000	-71.159	
43	1825.000	-70.291	
43	1826.000	-69.433	
43	1827.000	-68.986	
43	1828.000	-68.883	
43	1829.000	-67.845	
43	1830.000	-67.225	
43	1831.000	-66.542	
43	1832.000	-65.448	
43	1833.000	-64.344	
43	1834.000	-64.244	
43	1835.000	-64.488	
43	1836.000	-64.873	
43	1837.000	-64.848	
43	1838.000	-64.146	
43	1839.000	-64.401	
43	1840.000	-64.251	
43	1841.000	-65.804	
43	1842.000	-66.820	
43	1843.000	-67.706	
43	1844.000	-68.400	
43	1845.000	-69.238	
43	1846.000	-70.053	
43	1847.000	-69.925	
43	1848.000	-70.737	
43	1849.000	-71.483	
43	1850.000	-71.341	
43	1851.000	-70.499	
43	1852.000	-69.483	
43	1853.000	-68.780	
43	1854.000	-68.095	
43	1855.000	-68.251	
43	1856.000	-67.943	
43	1857.000	-67.846	
43	1858.000	-67.765	
43	1859.000	-67.249	
43	1860.000	-67.103	
43	1861.000	-67.034	
43	1862.000	-67.287	
43	1863.000	-67.221	
43	1864.000	-66.697	
43	1865.000	-66.430	
43	1866.000	-66.244	
43	1867.000	-66.385	
43	1868.000	-66.758	
43	1869.000	-67.108	
43	1870.000	-67.179	
43	1871.000	-67.218	
43	1872.000	-66.515	
43	1873.000	-65.202	
43	1874.000	-64.930	
43	1875.000	-64.569	
43	1876.000	-63.847	
43	1877.000	-62.781	
43	1878.000	-62.563	
43	1879.000	-61.726	
43	1880.000	-61.456	
43	1881.000	-60.469	
43	1882.000	-59.781	
43	1883.000	-59.289	
43	1884.000	-58.524	
43	1885.000	-59.068	
43	1886.000	-60.158	
43	1887.000	-62.166	
43	1888.000	-64.227	
43	1889.000	-66.153	
43	1890.000	-68.683	
43	1891.000	-70.578	
43	1892.000	-71.140	
43	1893.000	-71.898	
43	1894.000	-71.768	
43	1895.000	-70.624	
43	1896.000	-69.676	
43	1897.000	-68.588	
43	1898.000	-68.055	
43	1899.000	-67.007	
43	1900.000	-66.387	
43	1901.000	-65.446	
43	1902.000	-64.812	
43	1903.000	-63.581	
43	1904.000	-63.146	
43	1905.000	-62.712	
43	1906.000	-62.395	
43	1907.000	-61.959	
43	1908.000	-61.576	
43	1909.000	-61.131	
43	1910.000	-61.831	
43	1911.000	-64.195	
43	1912.000	-66.337	
43	1913.000	-67.285	
43	1914.000	-67.549	
43	1915.000	-67.241	
43	1916.000	-66.087	
43	1917.000	-66.186	
43	1918.000	-65.573	
43	1919.000	-64.374	
43	1920.000	-63.431	
43	1921.000	-62.660	
43	1922.000	-62.309	
43	1923.000	-61.384	
43	1924.000	-61.902	
43	1925.000	-62.550	
43	1926.000	-63.005	
43	1927.000	-63.649	
43	1928.000	-63.757	
43	1929.000	-63.978	
43	1930.000	-63.762	
43	1931.000	-63.182	
43	1932.000	-62.567	
43	1933.000	-61.590	
43	1934.000	-61.238	
43	1935.000	-61.200	
43	1936.000	-60.839	
43	1937.000	-60.569	
43	1938.000	-60.592	
43	1939.000	-61.190	
43	1940.000	-61.907	
43	1941.000	-62.125	
43	1942.000	-62.612	
43	1943.000	-62.446	
43	1944.000	-62.551	
43	1945.000	-62.425	
43	1946.000	-62.680	
43	1947.000	-64.277	
43	1948.000	-66.194	
43	1949.000	-67.453	
43	1950.000	-67.645	
43	1951.000	-67.729	
43	1952.000	-66.906	
43	1953.000	-66.014	
43	1954.000	-65.602	
43	1955.000	-66.061	
43	1956.000	-65.324	
43	1957.000	-64.397	
43	1958.000	-64.788	
43	1959.000	-63.900	
43	1960.000	-63.798	
43	1961.000	-64.202	
43	1962.000	-64.134	
43	1963.000	-63.946	
43	1964.000	-63.147	
43	1965.000	-63.203	
43	1966.000	-63.292	
43	1967.000	-63.755	
43	1968.000	-64.120	
43	1969.000	-65.108	
43	1970.000	-66.082	
43	1971.000	-66.984	
43	1972.000	-68.200	
43	1973.000	-68.020	
43	1974.000	-67.848	
43	1975.000	-67.473	
43	1976.000	-67.275	
43	1977.000	-66.594	
43	1978.000	-66.280	
43	1979.000	-65.480	
43	1980.000	-65.119	
43	1981.000	-63.332	
43	1982.000	-62.623	
43	1983.000	-62.379	
43	1984.000	-61.480	
43	1985.000	-59.963	
43	1986.000	-59.361	
43	1987.000	-59.068	
43	1988.000	-58.660	
43	1989.000	-57.919	
43	1990.000	-58.536	
43	1991.000	-58.781	
43	1992.000	-59.181	
43	1993.000	-59.001	
43	1994.000	-59.925	
43	1995.000	-61.685	
43	1996.000	-62.417	
43	1997.000	-63.208	
43	1998.000	-63.989	
43	1999.000	-64.172	
