228	1.000	-70.000	
228	2.000	-69.928	
228	3.000	-68.625	
228	4.000	-67.052	
228	5.000	-65.666	
228	6.000	-64.596	
228	7.000	-64.032	
228	8.000	-63.179	
228	9.000	-62.908	
228	10.000	-62.644	
228	11.000	-62.269	
228	12.000	-61.264	
228	13.000	-60.326	
228	14.000	-59.305	
228	15.000	-58.395	
228	16.000	-57.332	
228	17.000	-57.357	
228	18.000	-57.811	
228	19.000	-58.118	
228	20.000	-58.617	
228	21.000	-59.730	
228	22.000	-61.537	
228	23.000	-63.703	
228	24.000	-66.860	
228	25.000	-68.776	
228	26.000	-70.697	
228	27.000	-71.343	
228	28.000	-71.279	
228	29.000	-70.393	
228	30.000	-70.078	
228	31.000	-69.056	
228	32.000	-66.497	
228	33.000	-65.546	
228	34.000	-64.905	
228	35.000	-64.214	
228	36.000	-63.397	
228	37.000	-62.468	
228	38.000	-61.367	
228	39.000	-60.477	
228	40.000	-59.259	
228	41.000	-58.812	
228	42.000	-57.279	
228	43.000	-56.482	
228	44.000	-57.594	
228	45.000	-59.158	
228	46.000	-60.134	
228	47.000	-60.644	
228	48.000	-61.143	
228	49.000	-61.590	
228	50.000	-61.395	
228	51.000	-61.506	
228	52.000	-61.395	
228	53.000	-61.698	
228	54.000	-62.049	
228	55.000	-62.998	
228	56.000	-64.808	
228	57.000	-65.455	
228	58.000	-66.139	
228	59.000	-66.813	
228	60.000	-66.481	
228	61.000	-65.579	
228	62.000	-64.808	
228	63.000	-63.780	
228	64.000	-63.591	
228	65.000	-62.751	
228	66.000	-62.215	
228	67.000	-61.810	
228	68.000	-61.593	
228	69.000	-60.818	
228	70.000	-59.942	
228	71.000	-59.904	
228	72.000	-60.077	
228	73.000	-59.438	
228	74.000	-59.801	
228	75.000	-62.015	
228	76.000	-63.759	
228	77.000	-65.857	
228	78.000	-67.773	
228	79.000	-68.539	
228	80.000	-68.888	
228	81.000	-69.475	
228	82.000	-69.997	
228	83.000	-70.573	
228	84.000	-70.904	
228	85.000	-70.791	
228	86.000	-71.544	
228	87.000	-72.052	
228	88.000	-71.251	
228	89.000	-70.635	
228	90.000	-70.579	
228	91.000	-69.973	
228	92.000	-69.274	
228	93.000	-68.917	
228	94.000	-67.633	
228	95.000	-66.036	
228	96.000	-64.675	
228	97.000	-63.622	
228	98.000	-61.796	
228	99.000	-61.247	
228	100.000	-60.593	
228	101.000	-60.162	
228	102.000	-59.547	
228	103.000	-59.181	
228	104.000	-58.579	
228	105.000	-58.143	
228	106.000	-57.830	
228	107.000	-57.326	
228	108.000	-57.345	
228	109.000	-56.214	
228	110.000	-56.604	
228	111.000	-56.242	
228	112.000	-56.160	
228	113.000	-55.887	
228	114.000	-55.768	
228	115.000	-55.984	
228	116.000	-56.087	
228	117.000	-55.644	
228	118.000	-55.494	
228	119.000	-54.654	
228	120.000	-54.098	
228	121.000	-53.329	
228	122.000	-53.195	
228	123.000	-53.324	
228	124.000	-53.605	
228	125.000	-53.662	
228	126.000	-53.406	
228	127.000	-53.233	
228	128.000	-53.408	
228	129.000	-53.791	
228	130.000	-53.539	
228	131.000	-53.294	
228	132.000	-53.291	
228	133.000	-53.702	
228	134.000	-53.223	
228	135.000	-52.564	
228	136.000	-52.293	
228	137.000	-51.952	
228	138.000	-51.927	
228	139.000	-51.796	
228	140.000	-53.532	
228	141.000	-54.895	
228	142.000	-55.478	
228	143.000	-57.163	
228	144.000	-59.472	
228	145.000	-61.184	
228	146.000	-63.288	
228	147.000	-64.332	
228	148.000	-65.097	
228	149.000	-66.007	
228	150.000	-65.811	
228	151.000	-66.128	
228	152.000	-66.051	
228	153.000	-65.390	
228	154.000	-64.394	
228	155.000	-62.570	
228	156.000	-61.902	
228	157.000	-61.417	
228	158.000	-60.590	
228	159.000	-59.812	
228	160.000	-58.643	
228	161.000	-58.765	
228	162.000	-58.533	
228	163.000	-57.606	
228	164.000	-57.740	
228	165.000	-57.996	
228	166.000	-56.929	
228	167.000	-56.350	
228	168.000	-55.901	
228	169.000	-54.996	
228	170.000	-54.702	
228	171.000	-54.841	
228	172.000	-54.479	
228	173.000	-54.124	
228	174.000	-56.098	
228	175.000	-58.712	
228	176.000	-61.079	
228	177.000	-62.341	
228	178.000	-62.690	
228	179.000	-61.756	
228	180.000	-62.188	
228	181.000	-62.451	
228	182.000	-62.405	
228	183.000	-62.336	
228	184.000	-61.547	
228	185.000	-60.174	
228	186.000	-59.405	
228	187.000	-59.197	
228	188.000	-59.670	
228	189.000	-61.310	
228	190.000	-61.524	
228	191.000	-61.898	
228	192.000	-61.531	
228	193.000	-61.342	
228	194.000	-61.085	
228	195.000	-60.389	
228	196.000	-59.709	
228	197.000	-58.874	
228	198.000	-57.897	
228	199.000	-57.726	
228	200.000	-58.103	
228	201.000	-60.327	
228	202.000	-62.515	
228	203.000	-63.742	
228	204.000	-64.923	
228	205.000	-65.777	
228	206.000	-65.688	
228	207.000	-65.087	
228	208.000	-64.485	
228	209.000	-63.746	
228	210.000	-63.234	
228	211.000	-62.296	
228	212.000	-62.423	
228	213.000	-62.894	
228	214.000	-62.677	
228	215.000	-63.032	
228	216.000	-62.852	
228	217.000	-63.081	
228	218.000	-63.844	
228	219.000	-64.053	
228	220.000	-64.366	
228	221.000	-65.082	
228	222.000	-67.506	
228	223.000	-70.017	
228	224.000	-71.427	
228	225.000	-72.046	
228	226.000	-71.448	
228	227.000	-70.648	
228	228.000	-69.177	
228	229.000	-68.711	
228	230.000	-67.960	
228	231.000	-66.863	
228	232.000	-66.476	
228	233.000	-64.607	
228	234.000	-64.460	
228	235.000	-63.802	
228	236.000	-62.420	
228	237.000	-61.642	
228	238.000	-60.673	
228	239.000	-59.869	
228	240.000	-59.995	
228	241.000	-59.578	
228	242.000	-58.890	
228	243.000	-57.806	
228	244.000	-57.423	
228	245.000	-56.620	
228	246.000	-56.145	
228	247.000	-55.148	
228	248.000	-55.278	
228	249.000	-58.111	
228	250.000	-61.742	
228	251.000	-65.988	
228	252.000	-69.795	
228	253.000	-72.058	
228	254.000	-73.091	
228	255.000	-73.705	
228	256.000	-73.235	
228	257.000	-72.025	
228	258.000	-71.504	
228	259.000	-70.300	
228	260.000	-68.620	
228	261.000	-68.044	
228	262.000	-66.026	
228	263.000	-65.534	
228	264.000	-65.467	
228	265.000	-65.646	
228	266.000	-66.358	
228	267.000	-66.309	
228	268.000	-65.411	
228	269.000	-64.014	
228	270.000	-62.639	
228	271.000	-61.649	
228	272.000	-61.590	
228	273.000	-62.200	
228	274.000	-62.554	
228	275.000	-62.977	
228	276.000	-62.882	
228	277.000	-64.063	
228	278.000	-64.138	
228	279.000	-64.981	
228	280.000	-65.563	
228	281.000	-65.924	
228	282.000	-65.710	
228	283.000	-65.731	
228	284.000	-65.582	
228	285.000	-64.786	
228	286.000	-64.169	
228	287.000	-64.056	
228	288.000	-64.057	
228	289.000	-64.631	
228	290.000	-63.981	
228	291.000	-63.866	
228	292.000	-63.347	
228	293.000	-63.971	
228	294.000	-65.397	
228	295.000	-66.801	
228	296.000	-68.191	
228	297.000	-68.375	
228	298.000	-67.951	
228	299.000	-67.799	
228	300.000	-67.142	
228	301.000	-66.764	
228	302.000	-65.488	
228	303.000	-64.227	
228	304.000	-64.209	
228	305.000	-63.964	
228	306.000	-62.861	
228	307.000	-62.272	
228	308.000	-61.161	
228	309.000	-60.124	
228	310.000	-59.696	
228	311.000	-59.214	
228	312.000	-59.004	
228	313.000	-59.230	
228	314.000	-58.737	
228	315.000	-57.845	
228	316.000	-57.675	
228	317.000	-58.177	
228	318.000	-58.183	
228	319.000	-57.414	
228	320.000	-57.169	
228	321.000	-56.776	
228	322.000	-56.848	
228	323.000	-56.533	
228	324.000	-55.771	
228	325.000	-55.480	
228	326.000	-54.773	
228	327.000	-54.578	
228	328.000	-54.351	
228	329.000	-54.531	
228	330.000	-56.971	
228	331.000	-59.991	
228	332.000	-61.075	
228	333.000	-62.395	
228	334.000	-62.938	
228	335.000	-63.870	
228	336.000	-64.076	
228	337.000	-63.232	
228	338.000	-63.041	
228	339.000	-63.440	
228	340.000	-62.577	
228	341.000	-63.241	
228	342.000	-63.990	
228	343.000	-63.848	
228	344.000	-63.664	
228	345.000	-63.942	
228	346.000	-63.755	
228	347.000	-63.846	
228	348.000	-64.329	
228	349.000	-64.139	
228	350.000	-62.990	
228	351.000	-62.289	
228	352.000	-61.745	
228	353.000	-60.749	
228	354.000	-61.272	
228	355.000	-61.333	
228	356.000	-62.718	
228	357.000	-63.916	
228	358.000	-65.112	
228	359.000	-64.865	
228	360.000	-65.757	
228	361.000	-66.656	
228	362.000	-66.203	
228	363.000	-66.400	
228	364.000	-66.518	
228	365.000	-67.215	
228	366.000	-66.680	
228	367.000	-67.639	
228	368.000	-68.544	
228	369.000	-69.631	
228	370.000	-69.150	
228	371.000	-69.071	
228	372.000	-68.552	
228	373.000	-67.389	
228	374.000	-67.398	
228	375.000	-67.130	
228	376.000	-65.754	
228	377.000	-64.817	
228	378.000	-63.449	
228	379.000	-62.351	
228	380.000	-62.880	
228	381.000	-63.462	
228	382.000	-65.578	
228	383.000	-67.276	
228	384.000	-68.653	
228	385.000	-69.181	
228	386.000	-69.877	
228	387.000	-69.112	
228	388.000	-67.126	
228	389.000	-66.619	
228	390.000	-67.091	
228	391.000	-67.612	
228	392.000	-68.565	
228	393.000	-69.502	
228	394.000	-69.002	
228	395.000	-67.767	
228	396.000	-66.768	
228	397.000	-66.131	
228	398.000	-65.210	
228	399.000	-64.127	
228	400.000	-62.881	
228	401.000	-62.884	
228	402.000	-62.152	
228	403.000	-61.851	
228	404.000	-61.974	
228	405.000	-61.602	
228	406.000	-60.914	
228	407.000	-60.422	
228	408.000	-60.919	
228	409.000	-62.230	
228	410.000	-63.030	
228	411.000	-63.352	
228	412.000	-64.505	
228	413.000	-66.312	
228	414.000	-67.165	
228	415.000	-66.902	
228	416.000	-66.753	
228	417.000	-67.538	
228	418.000	-66.555	
228	419.000	-65.471	
228	420.000	-65.767	
228	421.000	-67.023	
228	422.000	-68.267	
228	423.000	-68.787	
228	424.000	-68.248	
228	425.000	-68.204	
228	426.000	-68.769	
228	427.000	-69.696	
228	428.000	-70.856	
228	429.000	-71.226	
228	430.000	-71.317	
228	431.000	-70.256	
228	432.000	-69.009	
228	433.000	-68.649	
228	434.000	-67.544	
228	435.000	-67.171	
228	436.000	-66.431	
228	437.000	-65.091	
228	438.000	-64.131	
228	439.000	-63.601	
228	440.000	-62.361	
228	441.000	-61.779	
228	442.000	-60.780	
228	443.000	-59.845	
228	444.000	-59.300	
228	445.000	-58.597	
228	446.000	-58.002	
228	447.000	-57.685	
228	448.000	-58.315	
228	449.000	-59.781	
228	450.000	-61.880	
228	451.000	-64.233	
228	452.000	-65.789	
228	453.000	-67.629	
228	454.000	-67.489	
228	455.000	-66.127	
228	456.000	-65.289	
228	457.000	-64.336	
228	458.000	-63.538	
228	459.000	-63.246	
228	460.000	-62.035	
228	461.000	-61.925	
228	462.000	-61.268	
228	463.000	-60.720	
228	464.000	-60.271	
228	465.000	-59.900	
228	466.000	-60.031	
228	467.000	-60.313	
228	468.000	-59.665	
228	469.000	-58.511	
228	470.000	-58.398	
228	471.000	-57.791	
228	472.000	-57.510	
228	473.000	-58.765	
228	474.000	-60.634	
228	475.000	-63.378	
228	476.000	-66.502	
228	477.000	-69.118	
228	478.000	-70.392	
228	479.000	-71.845	
228	480.000	-72.171	
228	481.000	-72.236	
228	482.000	-72.380	
228	483.000	-71.824	
228	484.000	-71.402	
228	485.000	-70.623	
228	486.000	-68.996	
228	487.000	-68.634	
228	488.000	-68.312	
228	489.000	-67.678	
228	490.000	-67.347	
228	491.000	-67.719	
228	492.000	-68.778	
228	493.000	-69.198	
228	494.000	-68.410	
228	495.000	-68.036	
228	496.000	-68.023	
228	497.000	-68.137	
228	498.000	-66.996	
228	499.000	-67.055	
228	500.000	-67.206	
228	501.000	-67.412	
228	502.000	-67.733	
228	503.000	-67.042	
228	504.000	-66.413	
228	505.000	-65.144	
228	506.000	-63.825	
228	507.000	-63.531	
228	508.000	-62.850	
228	509.000	-63.202	
228	510.000	-63.469	
228	511.000	-64.340	
228	512.000	-66.087	
228	513.000	-68.730	
228	514.000	-69.777	
228	515.000	-69.989	
228	516.000	-70.717	
228	517.000	-71.457	
228	518.000	-71.281	
228	519.000	-70.772	
228	520.000	-70.001	
228	521.000	-68.592	
228	522.000	-67.391	
228	523.000	-66.253	
228	524.000	-65.882	
228	525.000	-65.619	
228	526.000	-65.828	
228	527.000	-66.097	
228	528.000	-64.950	
228	529.000	-64.345	
228	530.000	-63.959	
228	531.000	-62.628	
228	532.000	-62.386	
228	533.000	-61.787	
228	534.000	-60.962	
228	535.000	-60.441	
228	536.000	-59.843	
228	537.000	-60.138	
228	538.000	-61.056	
228	539.000	-62.718	
228	540.000	-63.575	
228	541.000	-65.058	
228	542.000	-66.695	
228	543.000	-68.514	
228	544.000	-68.811	
228	545.000	-68.428	
228	546.000	-68.218	
228	547.000	-67.484	
228	548.000	-66.957	
228	549.000	-67.363	
228	550.000	-65.686	
228	551.000	-65.420	
228	552.000	-65.772	
228	553.000	-65.497	
228	554.000	-64.716	
228	555.000	-63.543	
228	556.000	-62.045	
228	557.000	-60.762	
228	558.000	-60.438	
228	559.000	-60.561	
228	560.000	-61.040	
228	561.000	-61.576	
228	562.000	-62.533	
228	563.000	-62.905	
228	564.000	-63.835	
228	565.000	-65.169	
228	566.000	-66.199	
228	567.000	-66.101	
228	568.000	-66.178	
228	569.000	-66.180	
228	570.000	-65.831	
228	571.000	-65.321	
228	572.000	-64.589	
228	573.000	-63.656	
228	574.000	-63.256	
228	575.000	-63.019	
228	576.000	-61.660	
228	577.000	-61.027	
228	578.000	-60.503	
228	579.000	-59.896	
228	580.000	-58.937	
228	581.000	-59.113	
228	582.000	-58.927	
228	583.000	-58.294	
228	584.000	-58.318	
228	585.000	-58.486	
228	586.000	-59.231	
228	587.000	-60.627	
228	588.000	-61.503	
228	589.000	-62.046	
228	590.000	-61.997	
228	591.000	-61.746	
228	592.000	-60.928	
228	593.000	-60.864	
228	594.000	-60.768	
228	595.000	-59.746	
228	596.000	-58.832	
228	597.000	-57.479	
228	598.000	-57.494	
228	599.000	-57.401	
228	600.000	-58.309	
228	601.000	-59.444	
228	602.000	-60.939	
228	603.000	-61.609	
228	604.000	-63.325	
228	605.000	-64.537	
228	606.000	-66.098	
228	607.000	-66.215	
228	608.000	-66.344	
228	609.000	-66.281	
228	610.000	-65.763	
228	611.000	-66.319	
228	612.000	-67.289	
228	613.000	-67.016	
228	614.000	-66.500	
228	615.000	-66.919	
228	616.000	-66.845	
228	617.000	-67.420	
228	618.000	-67.950	
228	619.000	-67.747	
228	620.000	-67.086	
228	621.000	-66.283	
228	622.000	-66.078	
228	623.000	-65.855	
228	624.000	-64.884	
228	625.000	-64.707	
228	626.000	-64.660	
228	627.000	-65.161	
228	628.000	-65.413	
228	629.000	-66.626	
228	630.000	-66.890	
228	631.000	-66.999	
228	632.000	-66.788	
228	633.000	-65.938	
228	634.000	-65.242	
228	635.000	-65.594	
228	636.000	-66.205	
228	637.000	-66.624	
228	638.000	-67.404	
228	639.000	-68.757	
228	640.000	-69.074	
228	641.000	-68.822	
228	642.000	-68.936	
228	643.000	-68.991	
228	644.000	-68.166	
228	645.000	-66.662	
228	646.000	-66.338	
228	647.000	-66.069	
228	648.000	-65.178	
228	649.000	-63.901	
228	650.000	-63.004	
228	651.000	-62.408	
228	652.000	-60.920	
228	653.000	-61.051	
228	654.000	-60.184	
228	655.000	-59.434	
228	656.000	-58.495	
228	657.000	-58.641	
228	658.000	-57.752	
228	659.000	-57.108	
228	660.000	-55.889	
228	661.000	-55.429	
228	662.000	-55.068	
228	663.000	-54.404	
228	664.000	-54.222	
228	665.000	-53.988	
228	666.000	-54.141	
228	667.000	-55.428	
228	668.000	-57.780	
228	669.000	-60.413	
228	670.000	-62.502	
228	671.000	-63.613	
228	672.000	-64.745	
228	673.000	-66.098	
228	674.000	-67.310	
228	675.000	-67.453	
228	676.000	-66.633	
228	677.000	-66.376	
228	678.000	-67.178	
228	679.000	-67.443	
228	680.000	-67.358	
228	681.000	-66.879	
228	682.000	-66.402	
228	683.000	-65.830	
228	684.000	-66.068	
228	685.000	-67.753	
228	686.000	-68.955	
228	687.000	-69.901	
228	688.000	-70.733	
228	689.000	-71.040	
228	690.000	-70.196	
228	691.000	-69.127	
228	692.000	-68.145	
228	693.000	-67.100	
228	694.000	-65.468	
228	695.000	-65.818	
228	696.000	-66.092	
228	697.000	-66.410	
228	698.000	-67.769	
228	699.000	-68.733	
228	700.000	-69.085	
228	701.000	-69.584	
228	702.000	-69.830	
228	703.000	-69.080	
228	704.000	-68.332	
228	705.000	-67.379	
228	706.000	-66.628	
228	707.000	-66.074	
228	708.000	-65.400	
228	709.000	-64.452	
228	710.000	-64.163	
228	711.000	-63.378	
228	712.000	-62.242	
228	713.000	-61.928	
228	714.000	-60.888	
228	715.000	-59.830	
228	716.000	-59.895	
228	717.000	-59.920	
228	718.000	-60.923	
228	719.000	-61.133	
228	720.000	-61.168	
228	721.000	-61.922	
228	722.000	-62.105	
228	723.000	-61.537	
228	724.000	-61.248	
228	725.000	-61.167	
228	726.000	-60.981	
228	727.000	-60.748	
228	728.000	-60.889	
228	729.000	-62.349	
228	730.000	-64.097	
228	731.000	-65.011	
228	732.000	-65.589	
228	733.000	-65.150	
228	734.000	-64.733	
228	735.000	-63.888	
228	736.000	-62.721	
228	737.000	-60.545	
228	738.000	-60.074	
228	739.000	-59.380	
228	740.000	-58.518	
228	741.000	-58.976	
228	742.000	-60.209	
228	743.000	-60.519	
228	744.000	-61.410	
228	745.000	-61.526	
228	746.000	-60.936	
228	747.000	-59.141	
228	748.000	-59.376	
228	749.000	-59.549	
228	750.000	-60.247	
228	751.000	-60.082	
228	752.000	-60.458	
228	753.000	-60.600	
228	754.000	-60.868	
228	755.000	-61.102	
228	756.000	-61.300	
228	757.000	-62.775	
228	758.000	-62.801	
228	759.000	-61.925	
228	760.000	-60.871	
228	761.000	-60.810	
228	762.000	-60.408	
228	763.000	-59.533	
228	764.000	-58.928	
228	765.000	-59.094	
228	766.000	-59.647	
228	767.000	-60.636	
228	768.000	-61.288	
228	769.000	-61.988	
228	770.000	-62.057	
228	771.000	-61.315	
228	772.000	-61.356	
228	773.000	-60.633	
228	774.000	-60.353	
228	775.000	-60.123	
228	776.000	-60.681	
228	777.000	-61.323	
228	778.000	-62.141	
228	779.000	-62.852	
228	780.000	-63.168	
228	781.000	-64.115	
228	782.000	-64.057	
228	783.000	-63.840	
228	784.000	-63.687	
228	785.000	-62.881	
228	786.000	-62.060	
228	787.000	-60.788	
228	788.000	-61.689	
228	789.000	-63.024	
228	790.000	-65.014	
228	791.000	-67.006	
228	792.000	-68.415	
228	793.000	-67.935	
228	794.000	-67.921	
228	795.000	-68.462	
228	796.000	-67.046	
228	797.000	-66.264	
228	798.000	-65.122	
228	799.000	-64.312	
228	800.000	-63.861	
228	801.000	-63.561	
228	802.000	-62.885	
228	803.000	-62.288	
228	804.000	-61.518	
228	805.000	-61.450	
228	806.000	-61.322	
228	807.000	-60.885	
228	808.000	-60.998	
228	809.000	-61.619	
228	810.000	-61.722	
228	811.000	-62.014	
228	812.000	-62.600	
228	813.000	-62.852	
228	814.000	-62.071	
228	815.000	-62.106	
228	816.000	-62.587	
228	817.000	-62.842	
228	818.000	-63.083	
228	819.000	-62.290	
228	820.000	-61.607	
228	821.000	-62.841	
228	822.000	-64.131	
228	823.000	-64.888	
228	824.000	-65.502	
228	825.000	-66.141	
228	826.000	-66.545	
228	827.000	-66.605	
228	828.000	-68.111	
228	829.000	-68.051	
228	830.000	-67.446	
228	831.000	-67.569	
228	832.000	-66.693	
228	833.000	-66.587	
228	834.000	-65.825	
228	835.000	-65.168	
228	836.000	-64.768	
228	837.000	-64.265	
228	838.000	-63.686	
228	839.000	-63.213	
228	840.000	-62.570	
228	841.000	-62.562	
228	842.000	-64.586	
228	843.000	-66.517	
228	844.000	-68.712	
228	845.000	-70.185	
228	846.000	-71.546	
228	847.000	-72.208	
228	848.000	-72.199	
228	849.000	-70.358	
228	850.000	-68.180	
228	851.000	-67.728	
228	852.000	-66.284	
228	853.000	-65.733	
228	854.000	-65.302	
228	855.000	-65.137	
228	856.000	-64.888	
228	857.000	-64.715	
228	858.000	-63.300	
228	859.000	-63.163	
228	860.000	-63.678	
228	861.000	-63.871	
228	862.000	-63.351	
228	863.000	-62.044	
228	864.000	-61.654	
228	865.000	-61.137	
228	866.000	-59.964	
228	867.000	-60.123	
228	868.000	-60.816	
228	869.000	-60.604	
228	870.000	-60.746	
228	871.000	-60.870	
228	872.000	-60.264	
228	873.000	-60.069	
228	874.000	-60.533	
228	875.000	-60.661	
228	876.000	-60.503	
228	877.000	-59.333	
228	878.000	-58.711	
228	879.000	-58.940	
228	880.000	-59.099	
228	881.000	-58.580	
228	882.000	-57.913	
228	883.000	-57.575	
228	884.000	-57.769	
228	885.000	-57.427	
228	886.000	-56.656	
228	887.000	-56.274	
228	888.000	-56.742	
228	889.000	-58.376	
228	890.000	-59.171	
228	891.000	-59.127	
228	892.000	-60.145	
228	893.000	-62.880	
228	894.000	-66.197	
228	895.000	-68.945	
228	896.000	-70.788	
228	897.000	-70.120	
228	898.000	-69.385	
228	899.000	-69.211	
228	900.000	-69.173	
228	901.000	-68.583	
228	902.000	-68.341	
228	903.000	-68.007	
228	904.000	-67.409	
228	905.000	-66.664	
228	906.000	-65.959	
228	907.000	-65.177	
228	908.000	-64.188	
228	909.000	-63.495	
228	910.000	-62.939	
228	911.000	-63.809	
228	912.000	-64.459	
228	913.000	-64.332	
228	914.000	-63.782	
228	915.000	-64.099	
228	916.000	-64.060	
228	917.000	-64.528	
228	918.000	-65.232	
228	919.000	-65.386	
228	920.000	-65.428	
228	921.000	-65.733	
228	922.000	-65.857	
228	923.000	-66.300	
228	924.000	-66.556	
228	925.000	-66.411	
228	926.000	-66.779	
228	927.000	-66.756	
228	928.000	-66.492	
228	929.000	-66.222	
228	930.000	-65.910	
228	931.000	-64.836	
228	932.000	-63.784	
228	933.000	-63.709	
228	934.000	-62.723	
228	935.000	-61.659	
228	936.000	-60.013	
228	937.000	-59.158	
228	938.000	-58.576	
228	939.000	-59.877	
228	940.000	-61.807	
228	941.000	-61.796	
228	942.000	-62.469	
228	943.000	-63.423	
228	944.000	-64.097	
228	945.000	-63.982	
228	946.000	-62.297	
228	947.000	-61.823	
228	948.000	-61.042	
228	949.000	-60.292	
228	950.000	-60.626	
228	951.000	-62.747	
228	952.000	-64.323	
228	953.000	-65.333	
228	954.000	-65.870	
228	955.000	-65.524	
228	956.000	-64.035	
228	957.000	-63.292	
228	958.000	-62.886	
228	959.000	-60.988	
228	960.000	-60.159	
228	961.000	-60.463	
228	962.000	-59.260	
228	963.000	-58.952	
228	964.000	-57.962	
228	965.000	-57.890	
228	966.000	-57.072	
228	967.000	-57.010	
228	968.000	-56.562	
228	969.000	-56.664	
228	970.000	-56.687	
228	971.000	-56.628	
228	972.000	-56.123	
228	973.000	-56.090	
228	974.000	-55.998	
228	975.000	-55.657	
228	976.000	-55.941	
228	977.000	-55.796	
228	978.000	-55.821	
228	979.000	-55.286	
228	980.000	-55.980	
228	981.000	-57.777	
228	982.000	-58.650	
228	983.000	-59.636	
228	984.000	-60.297	
228	985.000	-60.323	
228	986.000	-61.166	
228	987.000	-61.930	
228	988.000	-61.998	
228	989.000	-62.455	
228	990.000	-62.043	
228	991.000	-61.958	
228	992.000	-62.032	
228	993.000	-62.324	
228	994.000	-63.617	
228	995.000	-65.282	
228	996.000	-66.596	
228	997.000	-66.905	
228	998.000	-66.892	
228	999.000	-66.895	
228	1000.000	-67.183	
228	1001.000	-66.490	
228	1002.000	-66.256	
228	1003.000	-65.913	
228	1004.000	-66.189	
228	1005.000	-66.339	
228	1006.000	-66.528	
228	1007.000	-65.536	
228	1008.000	-65.164	
228	1009.000	-64.372	
228	1010.000	-63.872	
228	1011.000	-63.541	
228	1012.000	-63.261	
228	1013.000	-62.899	
228	1014.000	-64.019	
228	1015.000	-65.240	
228	1016.000	-66.934	
228	1017.000	-67.326	
228	1018.000	-67.227	
228	1019.000	-67.475	
228	1020.000	-67.607	
228	1021.000	-67.584	
228	1022.000	-67.839	
228	1023.000	-67.850	
228	1024.000	-67.231	
228	1025.000	-66.446	
228	1026.000	-65.575	
228	1027.000	-64.358	
228	1028.000	-65.440	
228	1029.000	-67.180	
228	1030.000	-68.210	
228	1031.000	-68.951	
228	1032.000	-68.958	
228	1033.000	-69.324	
228	1034.000	-69.094	
228	1035.000	-67.832	
228	1036.000	-68.211	
228	1037.000	-68.045	
228	1038.000	-67.028	
228	1039.000	-66.129	
228	1040.000	-65.243	
228	1041.000	-65.182	
228	1042.000	-64.508	
228	1043.000	-64.120	
228	1044.000	-63.927	
228	1045.000	-62.847	
228	1046.000	-62.266	
228	1047.000	-62.672	
228	1048.000	-64.846	
228	1049.000	-65.881	
228	1050.000	-65.492	
228	1051.000	-66.643	
228	1052.000	-66.666	
228	1053.000	-66.794	
228	1054.000	-65.923	
228	1055.000	-65.450	
228	1056.000	-65.355	
228	1057.000	-66.327	
228	1058.000	-67.739	
228	1059.000	-68.434	
228	1060.000	-68.328	
228	1061.000	-68.913	
228	1062.000	-69.722	
228	1063.000	-70.479	
228	1064.000	-70.452	
228	1065.000	-70.635	
228	1066.000	-69.389	
228	1067.000	-69.238	
228	1068.000	-69.091	
228	1069.000	-69.310	
228	1070.000	-69.602	
228	1071.000	-69.399	
228	1072.000	-69.742	
228	1073.000	-69.490	
228	1074.000	-69.557	
228	1075.000	-70.755	
228	1076.000	-70.702	
228	1077.000	-70.056	
228	1078.000	-70.285	
228	1079.000	-70.155	
228	1080.000	-70.656	
228	1081.000	-71.376	
228	1082.000	-71.224	
228	1083.000	-71.713	
228	1084.000	-71.459	
228	1085.000	-71.321	
228	1086.000	-70.763	
228	1087.000	-69.793	
228	1088.000	-68.717	
228	1089.000	-68.345	
228	1090.000	-67.209	
228	1091.000	-66.531	
228	1092.000	-65.925	
228	1093.000	-65.379	
228	1094.000	-64.088	
228	1095.000	-63.224	
228	1096.000	-64.120	
228	1097.000	-63.024	
228	1098.000	-62.274	
228	1099.000	-62.005	
228	1100.000	-62.656	
228	1101.000	-63.024	
228	1102.000	-64.199	
228	1103.000	-63.816	
228	1104.000	-65.216	
228	1105.000	-66.118	
228	1106.000	-66.125	
228	1107.000	-66.992	
228	1108.000	-68.780	
228	1109.000	-69.434	
228	1110.000	-69.767	
228	1111.000	-69.474	
228	1112.000	-68.697	
228	1113.000	-68.146	
228	1114.000	-68.286	
228	1115.000	-68.351	
228	1116.000	-68.680	
228	1117.000	-68.633	
228	1118.000	-69.518	
228	1119.000	-69.386	
228	1120.000	-70.004	
228	1121.000	-70.701	
228	1122.000	-70.538	
228	1123.000	-69.946	
228	1124.000	-68.681	
228	1125.000	-68.002	
228	1126.000	-67.422	
228	1127.000	-66.289	
228	1128.000	-65.743	
228	1129.000	-66.097	
228	1130.000	-67.243	
228	1131.000	-67.277	
228	1132.000	-67.014	
228	1133.000	-66.414	
228	1134.000	-65.336	
228	1135.000	-65.308	
228	1136.000	-65.339	
228	1137.000	-64.262	
228	1138.000	-63.073	
228	1139.000	-62.582	
228	1140.000	-62.274	
228	1141.000	-61.484	
228	1142.000	-60.981	
228	1143.000	-60.043	
228	1144.000	-59.676	
228	1145.000	-58.627	
228	1146.000	-57.926	
228	1147.000	-57.414	
228	1148.000	-57.079	
228	1149.000	-56.747	
228	1150.000	-56.590	
228	1151.000	-56.263	
228	1152.000	-56.305	
228	1153.000	-56.122	
228	1154.000	-58.417	
228	1155.000	-61.737	
228	1156.000	-63.822	
228	1157.000	-65.067	
228	1158.000	-65.247	
228	1159.000	-65.111	
228	1160.000	-65.784	
228	1161.000	-64.974	
228	1162.000	-65.162	
228	1163.000	-65.179	
228	1164.000	-64.039	
228	1165.000	-63.080	
228	1166.000	-62.603	
228	1167.000	-61.999	
228	1168.000	-62.216	
228	1169.000	-62.658	
228	1170.000	-63.388	
228	1171.000	-62.574	
228	1172.000	-61.585	
228	1173.000	-60.234	
228	1174.000	-60.286	
228	1175.000	-60.012	
228	1176.000	-59.216	
228	1177.000	-58.070	
228	1178.000	-58.641	
228	1179.000	-59.297	
228	1180.000	-60.898	
228	1181.000	-62.183	
228	1182.000	-63.401	
228	1183.000	-64.105	
228	1184.000	-63.774	
228	1185.000	-64.005	
228	1186.000	-63.398	
228	1187.000	-63.145	
228	1188.000	-63.117	
228	1189.000	-62.908	
228	1190.000	-61.688	
228	1191.000	-60.598	
228	1192.000	-59.816	
228	1193.000	-59.146	
228	1194.000	-58.986	
228	1195.000	-57.832	
228	1196.000	-56.624	
228	1197.000	-57.870	
228	1198.000	-61.111	
228	1199.000	-64.627	
228	1200.000	-66.957	
228	1201.000	-68.087	
228	1202.000	-68.113	
228	1203.000	-67.510	
228	1204.000	-67.019	
228	1205.000	-65.810	
228	1206.000	-66.165	
228	1207.000	-65.517	
228	1208.000	-65.460	
228	1209.000	-65.489	
228	1210.000	-65.526	
228	1211.000	-64.393	
228	1212.000	-63.464	
228	1213.000	-62.283	
228	1214.000	-61.615	
228	1215.000	-61.156	
228	1216.000	-61.337	
228	1217.000	-60.777	
228	1218.000	-60.056	
228	1219.000	-59.438	
228	1220.000	-59.281	
228	1221.000	-60.337	
228	1222.000	-61.415	
228	1223.000	-61.853	
228	1224.000	-61.747	
228	1225.000	-62.006	
228	1226.000	-63.508	
228	1227.000	-65.199	
228	1228.000	-66.375	
228	1229.000	-67.138	
228	1230.000	-66.873	
228	1231.000	-66.027	
228	1232.000	-65.701	
228	1233.000	-65.195	
228	1234.000	-64.518	
228	1235.000	-64.160	
228	1236.000	-64.629	
228	1237.000	-65.088	
228	1238.000	-65.444	
228	1239.000	-65.679	
228	1240.000	-65.034	
228	1241.000	-64.669	
228	1242.000	-64.459	
228	1243.000	-63.490	
228	1244.000	-62.861	
228	1245.000	-62.361	
228	1246.000	-62.132	
228	1247.000	-61.895	
228	1248.000	-60.985	
228	1249.000	-60.042	
228	1250.000	-59.477	
228	1251.000	-59.951	
228	1252.000	-61.088	
228	1253.000	-62.108	
228	1254.000	-63.017	
228	1255.000	-63.127	
228	1256.000	-63.875	
228	1257.000	-63.724	
228	1258.000	-62.774	
228	1259.000	-61.221	
228	1260.000	-60.615	
228	1261.000	-59.969	
228	1262.000	-59.389	
228	1263.000	-59.215	
228	1264.000	-59.634	
228	1265.000	-61.067	
228	1266.000	-61.336	
228	1267.000	-62.178	
228	1268.000	-63.385	
228	1269.000	-64.088	
228	1270.000	-64.644	
228	1271.000	-65.009	
228	1272.000	-64.363	
228	1273.000	-63.859	
228	1274.000	-63.139	
228	1275.000	-61.717	
228	1276.000	-60.421	
228	1277.000	-59.658	
228	1278.000	-59.871	
228	1279.000	-59.783	
228	1280.000	-58.749	
228	1281.000	-59.108	
228	1282.000	-60.018	
228	1283.000	-60.507	
228	1284.000	-59.953	
228	1285.000	-60.702	
228	1286.000	-62.254	
228	1287.000	-63.021	
228	1288.000	-64.461	
228	1289.000	-65.407	
228	1290.000	-65.860	
228	1291.000	-65.580	
228	1292.000	-65.140	
228	1293.000	-65.276	
228	1294.000	-65.123	
228	1295.000	-65.247	
228	1296.000	-66.046	
228	1297.000	-66.500	
228	1298.000	-66.651	
228	1299.000	-67.173	
228	1300.000	-67.179	
228	1301.000	-66.907	
228	1302.000	-67.730	
228	1303.000	-68.024	
228	1304.000	-68.805	
228	1305.000	-68.224	
228	1306.000	-67.703	
228	1307.000	-66.631	
228	1308.000	-66.954	
228	1309.000	-66.855	
228	1310.000	-67.372	
228	1311.000	-68.010	
228	1312.000	-68.440	
228	1313.000	-68.816	
228	1314.000	-68.658	
228	1315.000	-69.509	
228	1316.000	-68.917	
228	1317.000	-69.385	
228	1318.000	-68.976	
228	1319.000	-68.351	
228	1320.000	-68.732	
228	1321.000	-68.826	
228	1322.000	-69.264	
228	1323.000	-69.402	
228	1324.000	-68.797	
228	1325.000	-67.549	
228	1326.000	-67.477	
228	1327.000	-67.761	
228	1328.000	-68.594	
228	1329.000	-69.604	
228	1330.000	-70.002	
228	1331.000	-69.614	
228	1332.000	-69.201	
228	1333.000	-67.458	
228	1334.000	-66.229	
228	1335.000	-65.770	
228	1336.000	-64.857	
228	1337.000	-63.542	
228	1338.000	-63.339	
228	1339.000	-62.932	
228	1340.000	-62.092	
228	1341.000	-61.259	
228	1342.000	-61.265	
228	1343.000	-62.451	
228	1344.000	-63.969	
228	1345.000	-64.573	
228	1346.000	-64.951	
228	1347.000	-66.594	
228	1348.000	-68.315	
228	1349.000	-70.049	
228	1350.000	-70.355	
228	1351.000	-70.484	
228	1352.000	-69.792	
228	1353.000	-69.145	
228	1354.000	-69.636	
228	1355.000	-69.973	
228	1356.000	-69.457	
228	1357.000	-67.802	
228	1358.000	-67.478	
228	1359.000	-66.822	
228	1360.000	-66.947	
228	1361.000	-66.417	
228	1362.000	-66.048	
228	1363.000	-65.775	
228	1364.000	-64.659	
228	1365.000	-64.299	
228	1366.000	-63.881	
228	1367.000	-63.610	
228	1368.000	-64.376	
228	1369.000	-63.832	
228	1370.000	-62.689	
228	1371.000	-62.484	
228	1372.000	-61.388	
228	1373.000	-61.206	
228	1374.000	-61.445	
228	1375.000	-61.954	
228	1376.000	-62.723	
228	1377.000	-63.541	
228	1378.000	-64.695	
228	1379.000	-65.292	
228	1380.000	-65.808	
228	1381.000	-66.102	
228	1382.000	-65.449	
228	1383.000	-64.846	
228	1384.000	-64.355	
228	1385.000	-64.846	
228	1386.000	-65.185	
228	1387.000	-65.459	
228	1388.000	-65.340	
228	1389.000	-64.514	
228	1390.000	-64.618	
228	1391.000	-64.146	
228	1392.000	-63.518	
228	1393.000	-62.601	
228	1394.000	-62.352	
228	1395.000	-62.959	
228	1396.000	-62.766	
228	1397.000	-62.404	
228	1398.000	-62.162	
228	1399.000	-62.525	
228	1400.000	-61.494	
228	1401.000	-61.553	
228	1402.000	-61.788	
228	1403.000	-61.882	
228	1404.000	-61.994	
228	1405.000	-61.984	
228	1406.000	-61.913	
228	1407.000	-62.456	
228	1408.000	-63.778	
228	1409.000	-64.426	
228	1410.000	-64.245	
228	1411.000	-64.282	
228	1412.000	-64.015	
228	1413.000	-63.661	
228	1414.000	-63.912	
228	1415.000	-63.877	
228	1416.000	-65.364	
228	1417.000	-65.824	
228	1418.000	-66.020	
228	1419.000	-65.975	
228	1420.000	-65.919	
228	1421.000	-65.933	
228	1422.000	-64.394	
228	1423.000	-62.574	
228	1424.000	-62.140	
228	1425.000	-61.509	
228	1426.000	-60.868	
228	1427.000	-59.437	
228	1428.000	-58.904	
228	1429.000	-58.735	
228	1430.000	-59.033	
228	1431.000	-58.731	
228	1432.000	-58.220	
228	1433.000	-57.234	
228	1434.000	-55.764	
228	1435.000	-55.186	
228	1436.000	-55.310	
228	1437.000	-56.442	
228	1438.000	-57.944	
228	1439.000	-59.397	
228	1440.000	-59.135	
228	1441.000	-59.357	
228	1442.000	-59.466	
228	1443.000	-60.565	
228	1444.000	-62.555	
228	1445.000	-63.746	
228	1446.000	-64.590	
228	1447.000	-65.875	
228	1448.000	-66.691	
228	1449.000	-67.067	
228	1450.000	-67.142	
228	1451.000	-67.076	
228	1452.000	-66.846	
228	1453.000	-67.001	
228	1454.000	-67.134	
228	1455.000	-66.732	
228	1456.000	-67.817	
228	1457.000	-68.518	
228	1458.000	-69.849	
228	1459.000	-70.613	
228	1460.000	-71.277	
228	1461.000	-70.749	
228	1462.000	-70.759	
228	1463.000	-70.906	
228	1464.000	-70.437	
228	1465.000	-69.715	
228	1466.000	-68.819	
228	1467.000	-68.000	
228	1468.000	-66.059	
228	1469.000	-64.498	
228	1470.000	-63.173	
228	1471.000	-62.618	
228	1472.000	-61.752	
228	1473.000	-60.498	
228	1474.000	-59.814	
228	1475.000	-60.446	
228	1476.000	-60.883	
228	1477.000	-62.444	
228	1478.000	-63.965	
228	1479.000	-65.045	
228	1480.000	-66.301	
228	1481.000	-66.607	
228	1482.000	-65.732	
228	1483.000	-65.331	
228	1484.000	-65.616	
228	1485.000	-66.467	
228	1486.000	-67.111	
228	1487.000	-67.832	
228	1488.000	-67.344	
228	1489.000	-66.093	
228	1490.000	-66.135	
228	1491.000	-65.683	
228	1492.000	-65.356	
228	1493.000	-64.567	
228	1494.000	-64.128	
228	1495.000	-63.349	
228	1496.000	-61.958	
228	1497.000	-61.832	
228	1498.000	-61.146	
228	1499.000	-60.003	
228	1500.000	-59.558	
228	1501.000	-59.026	
228	1502.000	-58.539	
228	1503.000	-58.779	
228	1504.000	-58.092	
228	1505.000	-58.061	
228	1506.000	-58.390	
228	1507.000	-59.953	
228	1508.000	-62.089	
228	1509.000	-63.397	
228	1510.000	-65.098	
228	1511.000	-66.118	
228	1512.000	-66.088	
228	1513.000	-66.737	
228	1514.000	-66.497	
228	1515.000	-66.257	
228	1516.000	-64.782	
228	1517.000	-63.344	
228	1518.000	-62.587	
228	1519.000	-62.245	
228	1520.000	-61.192	
228	1521.000	-61.091	
228	1522.000	-60.393	
228	1523.000	-60.008	
228	1524.000	-60.451	
228	1525.000	-60.962	
228	1526.000	-61.392	
228	1527.000	-61.109	
228	1528.000	-60.143	
228	1529.000	-59.411	
228	1530.000	-58.765	
228	1531.000	-58.849	
228	1532.000	-60.047	
228	1533.000	-62.430	
228	1534.000	-65.260	
228	1535.000	-66.083	
228	1536.000	-65.980	
228	1537.000	-66.757	
228	1538.000	-66.664	
228	1539.000	-65.939	
228	1540.000	-65.292	
228	1541.000	-64.657	
228	1542.000	-63.238	
228	1543.000	-62.900	
228	1544.000	-62.128	
228	1545.000	-61.093	
228	1546.000	-60.665	
228	1547.000	-60.344	
228	1548.000	-60.257	
228	1549.000	-58.428	
228	1550.000	-57.810	
228	1551.000	-57.811	
228	1552.000	-57.793	
228	1553.000	-57.458	
228	1554.000	-57.857	
228	1555.000	-60.061	
228	1556.000	-62.090	
228	1557.000	-65.510	
228	1558.000	-67.724	
228	1559.000	-69.419	
228	1560.000	-70.256	
228	1561.000	-70.928	
228	1562.000	-70.202	
228	1563.000	-70.440	
228	1564.000	-70.282	
228	1565.000	-70.117	
228	1566.000	-69.780	
228	1567.000	-69.644	
228	1568.000	-68.983	
228	1569.000	-68.943	
228	1570.000	-68.184	
228	1571.000	-68.200	
228	1572.000	-67.867	
228	1573.000	-67.145	
228	1574.000	-66.726	
228	1575.000	-65.959	
228	1576.000	-65.888	
228	1577.000	-65.588	
228	1578.000	-64.260	
228	1579.000	-63.055	
228	1580.000	-63.254	
228	1581.000	-64.153	
228	1582.000	-64.363	
228	1583.000	-64.707	
228	1584.000	-66.020	
228	1585.000	-67.480	
228	1586.000	-69.347	
228	1587.000	-71.056	
228	1588.000	-71.529	
228	1589.000	-70.897	
228	1590.000	-70.000	
228	1591.000	-69.523	
228	1592.000	-69.356	
228	1593.000	-69.578	
228	1594.000	-68.986	
228	1595.000	-68.608	
228	1596.000	-67.754	
228	1597.000	-66.379	
228	1598.000	-65.496	
228	1599.000	-65.123	
228	1600.000	-64.999	
228	1601.000	-64.923	
228	1602.000	-64.766	
228	1603.000	-64.045	
228	1604.000	-63.762	
228	1605.000	-62.599	
228	1606.000	-62.255	
228	1607.000	-61.791	
228	1608.000	-61.530	
228	1609.000	-62.755	
228	1610.000	-64.172	
228	1611.000	-65.401	
228	1612.000	-67.054	
228	1613.000	-68.191	
228	1614.000	-69.139	
228	1615.000	-69.944	
228	1616.000	-69.749	
228	1617.000	-69.617	
228	1618.000	-69.464	
228	1619.000	-69.104	
228	1620.000	-69.115	
228	1621.000	-68.764	
228	1622.000	-67.662	
228	1623.000	-66.588	
228	1624.000	-65.645	
228	1625.000	-63.706	
228	1626.000	-62.518	
228	1627.000	-61.341	
228	1628.000	-60.087	
228	1629.000	-59.544	
228	1630.000	-59.028	
228	1631.000	-59.624	
228	1632.000	-60.482	
228	1633.000	-61.431	
228	1634.000	-61.540	
228	1635.000	-62.168	
228	1636.000	-62.710	
228	1637.000	-63.217	
228	1638.000	-62.822	
228	1639.000	-61.895	
228	1640.000	-61.922	
228	1641.000	-62.095	
228	1642.000	-62.704	
228	1643.000	-63.300	
228	1644.000	-63.839	
228	1645.000	-63.322	
228	1646.000	-62.924	
228	1647.000	-63.320	
228	1648.000	-63.515	
228	1649.000	-63.259	
228	1650.000	-63.553	
228	1651.000	-64.298	
228	1652.000	-64.082	
228	1653.000	-63.112	
228	1654.000	-61.575	
228	1655.000	-60.570	
228	1656.000	-60.214	
228	1657.000	-60.435	
228	1658.000	-61.366	
228	1659.000	-61.876	
228	1660.000	-62.318	
228	1661.000	-62.209	
228	1662.000	-62.390	
228	1663.000	-62.444	
228	1664.000	-63.130	
228	1665.000	-63.147	
228	1666.000	-64.241	
228	1667.000	-65.388	
228	1668.000	-65.293	
228	1669.000	-65.190	
228	1670.000	-64.929	
228	1671.000	-64.864	
228	1672.000	-64.740	
228	1673.000	-63.361	
228	1674.000	-62.253	
228	1675.000	-61.601	
228	1676.000	-60.922	
228	1677.000	-60.750	
228	1678.000	-59.689	
228	1679.000	-58.860	
228	1680.000	-58.714	
228	1681.000	-57.904	
228	1682.000	-57.080	
228	1683.000	-57.354	
228	1684.000	-57.737	
228	1685.000	-58.492	
228	1686.000	-58.648	
228	1687.000	-59.536	
228	1688.000	-60.235	
228	1689.000	-60.850	
228	1690.000	-62.319	
228	1691.000	-63.541	
228	1692.000	-63.362	
228	1693.000	-62.279	
228	1694.000	-62.984	
228	1695.000	-63.913	
228	1696.000	-65.748	
228	1697.000	-67.660	
228	1698.000	-69.250	
228	1699.000	-69.835	
228	1700.000	-69.951	
228	1701.000	-70.391	
228	1702.000	-68.583	
228	1703.000	-67.265	
228	1704.000	-66.522	
228	1705.000	-66.218	
228	1706.000	-65.965	
228	1707.000	-66.178	
228	1708.000	-66.646	
228	1709.000	-66.305	
228	1710.000	-66.309	
228	1711.000	-65.865	
228	1712.000	-64.205	
228	1713.000	-63.689	
228	1714.000	-63.879	
228	1715.000	-65.256	
228	1716.000	-65.655	
228	1717.000	-66.578	
228	1718.000	-67.013	
228	1719.000	-66.631	
228	1720.000	-66.100	
228	1721.000	-64.896	
228	1722.000	-64.161	
228	1723.000	-63.723	
228	1724.000	-61.923	
228	1725.000	-61.046	
228	1726.000	-60.722	
228	1727.000	-59.808	
228	1728.000	-59.172	
228	1729.000	-59.344	
228	1730.000	-58.641	
228	1731.000	-57.605	
228	1732.000	-57.348	
228	1733.000	-57.016	
228	1734.000	-56.546	
228	1735.000	-55.882	
228	1736.000	-55.260	
228	1737.000	-54.956	
228	1738.000	-54.799	
228	1739.000	-55.017	
228	1740.000	-55.545	
228	1741.000	-55.379	
228	1742.000	-55.059	
228	1743.000	-54.883	
228	1744.000	-54.561	
228	1745.000	-54.757	
228	1746.000	-54.734	
228	1747.000	-54.673	
228	1748.000	-54.778	
228	1749.000	-55.363	
228	1750.000	-55.736	
228	1751.000	-55.088	
228	1752.000	-55.293	
228	1753.000	-54.751	
228	1754.000	-53.750	
228	1755.000	-52.751	
228	1756.000	-52.682	
228	1757.000	-52.965	
228	1758.000	-52.753	
228	1759.000	-52.599	
228	1760.000	-54.060	
228	1761.000	-56.216	
228	1762.000	-57.055	
228	1763.000	-57.465	
228	1764.000	-57.763	
228	1765.000	-58.899	
228	1766.000	-60.317	
228	1767.000	-62.574	
228	1768.000	-64.622	
228	1769.000	-64.333	
228	1770.000	-64.253	
228	1771.000	-64.160	
228	1772.000	-64.398	
228	1773.000	-62.927	
228	1774.000	-62.240	
228	1775.000	-62.129	
228	1776.000	-62.430	
228	1777.000	-61.610	
228	1778.000	-60.487	
228	1779.000	-59.800	
228	1780.000	-59.848	
228	1781.000	-61.363	
228	1782.000	-62.491	
228	1783.000	-62.415	
228	1784.000	-62.171	
228	1785.000	-62.251	
228	1786.000	-62.725	
228	1787.000	-61.066	
228	1788.000	-60.039	
228	1789.000	-61.028	
228	1790.000	-63.167	
228	1791.000	-64.873	
228	1792.000	-65.576	
228	1793.000	-67.209	
228	1794.000	-69.049	
228	1795.000	-70.953	
228	1796.000	-72.515	
228	1797.000	-72.409	
228	1798.000	-72.310	
228	1799.000	-72.227	
228	1800.000	-71.715	
228	1801.000	-69.933	
228	1802.000	-69.448	
228	1803.000	-68.246	
228	1804.000	-66.851	
228	1805.000	-64.590	
228	1806.000	-63.541	
228	1807.000	-62.685	
228	1808.000	-61.896	
228	1809.000	-61.133	
228	1810.000	-60.620	
228	1811.000	-60.213	
228	1812.000	-60.727	
228	1813.000	-61.424	
228	1814.000	-62.410	
228	1815.000	-62.644	
228	1816.000	-63.877	
228	1817.000	-65.663	
228	1818.000	-67.778	
228	1819.000	-69.601	
228	1820.000	-71.183	
228	1821.000	-71.342	
228	1822.000	-71.601	
228	1823.000	-71.811	
228	1824.000	-71.249	
228	1825.000	-70.610	
228	1826.000	-69.283	
228	1827.000	-68.532	
228	1828.000	-67.258	
228	1829.000	-66.748	
228	1830.000	-66.024	
228	1831.000	-65.510	
228	1832.000	-65.054	
228	1833.000	-63.914	
228	1834.000	-62.082	
228	1835.000	-61.909	
228	1836.000	-62.270	
228	1837.000	-63.272	
228	1838.000	-64.342	
228	1839.000	-64.169	
228	1840.000	-64.658	
228	1841.000	-65.608	
228	1842.000	-66.401	
228	1843.000	-66.522	
228	1844.000	-65.744	
228	1845.000	-64.791	
228	1846.000	-64.770	
228	1847.000	-64.141	
228	1848.000	-64.144	
228	1849.000	-64.555	
228	1850.000	-65.038	
228	1851.000	-64.962	
228	1852.000	-64.336	
228	1853.000	-64.710	
228	1854.000	-64.574	
228	1855.000	-64.729	
228	1856.000	-64.357	
228	1857.000	-63.870	
228	1858.000	-64.086	
228	1859.000	-64.249	
228	1860.000	-64.342	
228	1861.000	-64.824	
228	1862.000	-65.666	
228	1863.000	-66.079	
228	1864.000	-66.103	
228	1865.000	-65.794	
228	1866.000	-64.981	
228	1867.000	-64.605	
228	1868.000	-64.122	
228	1869.000	-63.017	
228	1870.000	-62.036	
228	1871.000	-62.006	
228	1872.000	-61.488	
228	1873.000	-61.738	
228	1874.000	-61.638	
228	1875.000	-61.600	
228	1876.000	-61.532	
228	1877.000	-61.238	
228	1878.000	-60.824	
228	1879.000	-59.958	
228	1880.000	-59.689	
228	1881.000	-59.452	
228	1882.000	-59.821	
228	1883.000	-59.834	
228	1884.000	-59.195	
228	1885.000	-60.397	
228	1886.000	-63.654	
228	1887.000	-66.250	
228	1888.000	-67.954	
228	1889.000	-68.661	
228	1890.000	-68.815	
228	1891.000	-68.684	
228	1892.000	-68.719	
228	1893.000	-68.983	
228	1894.000	-68.250	
228	1895.000	-67.978	
228	1896.000	-68.350	
228	1897.000	-68.259	
228	1898.000	-67.462	
228	1899.000	-66.377	
228	1900.000	-65.329	
228	1901.000	-64.709	
228	1902.000	-64.351	
228	1903.000	-63.862	
228	1904.000	-62.552	
228	1905.000	-62.148	
228	1906.000	-62.151	
228	1907.000	-61.864	
228	1908.000	-63.370	
228	1909.000	-64.757	
228	1910.000	-66.233	
228	1911.000	-67.186	
228	1912.000	-67.615	
228	1913.000	-67.489	
228	1914.000	-67.140	
228	1915.000	-66.099	
228	1916.000	-65.054	
228	1917.000	-63.996	
228	1918.000	-62.540	
228	1919.000	-61.158	
228	1920.000	-60.697	
228	1921.000	-60.653	
228	1922.000	-59.923	
228	1923.000	-59.043	
228	1924.000	-58.474	
228	1925.000	-58.199	
228	1926.000	-58.484	
228	1927.000	-58.264	
228	1928.000	-59.206	
228	1929.000	-61.487	
228	1930.000	-63.214	
228	1931.000	-64.572	
228	1932.000	-65.097	
228	1933.000	-64.886	
228	1934.000	-64.670	
228	1935.000	-63.679	
228	1936.000	-63.348	
228	1937.000	-63.115	
228	1938.000	-61.674	
228	1939.000	-61.352	
228	1940.000	-60.622	
228	1941.000	-60.800	
228	1942.000	-60.504	
228	1943.000	-61.279	
228	1944.000	-61.395	
228	1945.000	-60.927	
228	1946.000	-62.194	
228	1947.000	-63.484	
228	1948.000	-63.984	
228	1949.000	-63.954	
228	1950.000	-63.799	
228	1951.000	-63.830	
228	1952.000	-63.112	
228	1953.000	-61.898	
228	1954.000	-60.714	
228	1955.000	-60.413	
228	1956.000	-60.439	
228	1957.000	-60.176	
228	1958.000	-60.715	
228	1959.000	-60.732	
228	1960.000	-61.281	
228	1961.000	-61.628	
228	1962.000	-62.412	
228	1963.000	-64.121	
228	1964.000	-66.784	
228	1965.000	-68.786	
228	1966.000	-69.296	
228	1967.000	-68.630	
228	1968.000	-68.037	
228	1969.000	-67.191	
228	1970.000	-65.723	
228	1971.000	-64.179	
228	1972.000	-64.020	
228	1973.000	-64.010	
228	1974.000	-63.853	
228	1975.000	-63.119	
228	1976.000	-62.082	
228	1977.000	-60.583	
228	1978.000	-60.807	
228	1979.000	-60.502	
228	1980.000	-60.748	
228	1981.000	-61.080	
228	1982.000	-61.157	
228	1983.000	-60.913	
228	1984.000	-60.540	
228	1985.000	-61.801	
228	1986.000	-62.716	
228	1987.000	-63.718	
228	1988.000	-65.304	
228	1989.000	-67.033	
228	1990.000	-68.089	
228	1991.000	-69.066	
228	1992.000	-69.796	
228	1993.000	-68.572	
228	1994.000	-68.762	
228	1995.000	-67.935	
228	1996.000	-67.306	
228	1997.000	-67.025	
228	1998.000	-65.862	
228	1999.000	-65.238	
