61	1.000	-70.000	
61	2.000	-69.784	
61	3.000	-68.679	
61	4.000	-67.816	
61	5.000	-67.363	
61	6.000	-65.999	
61	7.000	-65.210	
61	8.000	-64.025	
61	9.000	-62.801	
61	10.000	-62.416	
61	11.000	-60.724	
61	12.000	-60.356	
61	13.000	-59.216	
61	14.000	-59.076	
61	15.000	-59.539	
61	16.000	-59.630	
61	17.000	-59.193	
61	18.000	-59.241	
61	19.000	-58.797	
61	20.000	-58.558	
61	21.000	-57.793	
61	22.000	-56.351	
61	23.000	-55.577	
61	24.000	-57.587	
61	25.000	-63.021	
61	26.000	-67.107	
61	27.000	-69.243	
61	28.000	-70.488	
61	29.000	-70.726	
61	30.000	-70.541	
61	31.000	-70.048	
61	32.000	-70.237	
61	33.000	-69.911	
61	34.000	-69.847	
61	35.000	-68.661	
61	36.000	-67.172	
61	37.000	-65.923	
61	38.000	-65.347	
61	39.000	-64.087	
61	40.000	-63.840	
61	41.000	-62.632	
61	42.000	-60.753	
61	43.000	-59.169	
61	44.000	-58.752	
61	45.000	-58.427	
61	46.000	-57.588	
61	47.000	-57.406	
61	48.000	-56.113	
61	49.000	-55.325	
61	50.000	-55.627	
61	51.000	-57.215	
61	52.000	-58.755	
61	53.000	-59.941	
61	54.000	-61.679	
61	55.000	-64.413	
61	56.000	-66.939	
61	57.000	-69.263	
61	58.000	-71.004	
61	59.000	-71.537	
61	60.000	-71.930	
61	61.000	-71.801	
61	62.000	-71.892	
61	63.000	-71.463	
61	64.000	-71.321	
61	65.000	-69.980	
61	66.000	-67.898	
61	67.000	-66.567	
61	68.000	-64.983	
61	69.000	-64.586	
61	70.000	-63.923	
61	71.000	-62.608	
61	72.000	-61.678	
61	73.000	-60.305	
61	74.000	-60.433	
61	75.000	-61.020	
61	76.000	-61.588	
61	77.000	-62.206	
61	78.000	-62.254	
61	79.000	-62.296	
61	80.000	-61.489	
61	81.000	-60.698	
61	82.000	-59.827	
61	83.000	-59.569	
61	84.000	-60.975	
61	85.000	-61.580	
61	86.000	-62.509	
61	87.000	-63.089	
61	88.000	-63.590	
61	89.000	-63.250	
61	90.000	-63.376	
61	91.000	-63.132	
61	92.000	-63.608	
61	93.000	-63.674	
61	94.000	-62.651	
61	95.000	-61.591	
61	96.000	-60.693	
61	97.000	-59.708	
61	98.000	-58.817	
61	99.000	-58.460	
61	100.000	-59.633	
61	101.000	-60.709	
61	102.000	-60.927	
61	103.000	-62.436	
61	104.000	-64.308	
61	105.000	-65.148	
61	106.000	-65.348	
61	107.000	-65.906	
61	108.000	-66.582	
61	109.000	-66.052	
61	110.000	-64.940	
61	111.000	-64.944	
61	112.000	-63.846	
61	113.000	-63.931	
61	114.000	-62.959	
61	115.000	-62.007	
61	116.000	-62.797	
61	117.000	-63.002	
61	118.000	-62.592	
61	119.000	-62.993	
61	120.000	-63.004	
61	121.000	-62.756	
61	122.000	-61.640	
61	123.000	-60.677	
61	124.000	-61.408	
61	125.000	-63.085	
61	126.000	-64.962	
61	127.000	-65.724	
61	128.000	-66.057	
61	129.000	-66.667	
61	130.000	-67.254	
61	131.000	-67.895	
61	132.000	-67.527	
61	133.000	-65.739	
61	134.000	-64.956	
61	135.000	-64.708	
61	136.000	-63.669	
61	137.000	-62.894	
61	138.000	-61.619	
61	139.000	-61.830	
61	140.000	-61.620	
61	141.000	-62.107	
61	142.000	-62.654	
61	143.000	-62.975	
61	144.000	-63.800	
61	145.000	-63.841	
61	146.000	-65.280	
61	147.000	-66.275	
61	148.000	-67.690	
61	149.000	-67.611	
61	150.000	-68.000	
61	151.000	-68.421	
61	152.000	-67.984	
61	153.000	-68.199	
61	154.000	-68.785	
61	155.000	-68.994	
61	156.000	-69.019	
61	157.000	-68.330	
61	158.000	-67.708	
61	159.000	-67.318	
61	160.000	-66.494	
61	161.000	-65.608	
61	162.000	-64.726	
61	163.000	-63.891	
61	164.000	-62.520	
61	165.000	-60.392	
61	166.000	-60.207	
61	167.000	-61.057	
61	168.000	-62.149	
61	169.000	-62.408	
61	170.000	-62.736	
61	171.000	-65.072	
61	172.000	-67.053	
61	173.000	-67.490	
61	174.000	-67.016	
61	175.000	-66.502	
61	176.000	-66.920	
61	177.000	-66.382	
61	178.000	-66.012	
61	179.000	-65.357	
61	180.000	-64.090	
61	181.000	-64.045	
61	182.000	-63.442	
61	183.000	-62.868	
61	184.000	-62.630	
61	185.000	-61.180	
61	186.000	-61.077	
61	187.000	-60.156	
61	188.000	-59.577	
61	189.000	-59.331	
61	190.000	-58.909	
61	191.000	-58.470	
61	192.000	-58.001	
61	193.000	-58.249	
61	194.000	-59.093	
61	195.000	-60.662	
61	196.000	-62.410	
61	197.000	-63.911	
61	198.000	-63.223	
61	199.000	-63.579	
61	200.000	-64.548	
61	201.000	-64.220	
61	202.000	-64.221	
61	203.000	-64.238	
61	204.000	-64.329	
61	205.000	-63.961	
61	206.000	-63.366	
61	207.000	-62.888	
61	208.000	-62.187	
61	209.000	-62.173	
61	210.000	-62.356	
61	211.000	-62.064	
61	212.000	-61.424	
61	213.000	-61.862	
61	214.000	-62.603	
61	215.000	-62.537	
61	216.000	-63.543	
61	217.000	-64.402	
61	218.000	-64.988	
61	219.000	-65.978	
61	220.000	-66.151	
61	221.000	-67.454	
61	222.000	-68.391	
61	223.000	-68.615	
61	224.000	-69.039	
61	225.000	-68.355	
61	226.000	-67.359	
61	227.000	-67.017	
61	228.000	-65.868	
61	229.000	-64.976	
61	230.000	-64.233	
61	231.000	-63.618	
61	232.000	-62.850	
61	233.000	-62.890	
61	234.000	-62.290	
61	235.000	-61.571	
61	236.000	-61.291	
61	237.000	-61.631	
61	238.000	-61.667	
61	239.000	-61.967	
61	240.000	-62.565	
61	241.000	-62.607	
61	242.000	-62.338	
61	243.000	-62.992	
61	244.000	-62.733	
61	245.000	-61.829	
61	246.000	-62.315	
61	247.000	-62.544	
61	248.000	-62.953	
61	249.000	-63.468	
61	250.000	-63.602	
61	251.000	-63.876	
61	252.000	-64.065	
61	253.000	-65.000	
61	254.000	-65.015	
61	255.000	-65.254	
61	256.000	-65.414	
61	257.000	-65.273	
61	258.000	-64.817	
61	259.000	-64.859	
61	260.000	-64.930	
61	261.000	-64.177	
61	262.000	-63.572	
61	263.000	-62.981	
61	264.000	-62.232	
61	265.000	-61.552	
61	266.000	-62.212	
61	267.000	-63.550	
61	268.000	-64.331	
61	269.000	-66.003	
61	270.000	-67.368	
61	271.000	-68.763	
61	272.000	-69.309	
61	273.000	-69.789	
61	274.000	-69.386	
61	275.000	-70.393	
61	276.000	-70.265	
61	277.000	-71.571	
61	278.000	-72.445	
61	279.000	-72.511	
61	280.000	-71.725	
61	281.000	-71.572	
61	282.000	-71.243	
61	283.000	-70.375	
61	284.000	-68.874	
61	285.000	-67.974	
61	286.000	-67.378	
61	287.000	-66.254	
61	288.000	-65.709	
61	289.000	-64.665	
61	290.000	-63.429	
61	291.000	-62.575	
61	292.000	-63.216	
61	293.000	-63.342	
61	294.000	-63.017	
61	295.000	-63.447	
61	296.000	-64.011	
61	297.000	-64.788	
61	298.000	-65.579	
61	299.000	-65.865	
61	300.000	-65.818	
61	301.000	-65.953	
61	302.000	-65.464	
61	303.000	-65.795	
61	304.000	-65.763	
61	305.000	-66.036	
61	306.000	-65.434	
61	307.000	-65.451	
61	308.000	-65.370	
61	309.000	-65.111	
61	310.000	-65.008	
61	311.000	-64.299	
61	312.000	-63.553	
61	313.000	-62.274	
61	314.000	-61.242	
61	315.000	-60.078	
61	316.000	-60.295	
61	317.000	-60.938	
61	318.000	-60.933	
61	319.000	-61.027	
61	320.000	-60.420	
61	321.000	-60.793	
61	322.000	-61.112	
61	323.000	-60.916	
61	324.000	-60.182	
61	325.000	-59.996	
61	326.000	-60.110	
61	327.000	-59.527	
61	328.000	-59.208	
61	329.000	-58.956	
61	330.000	-60.273	
61	331.000	-61.961	
61	332.000	-63.656	
61	333.000	-66.299	
61	334.000	-67.784	
61	335.000	-69.373	
61	336.000	-69.946	
61	337.000	-69.177	
61	338.000	-69.078	
61	339.000	-69.434	
61	340.000	-69.375	
61	341.000	-69.144	
61	342.000	-68.347	
61	343.000	-67.476	
61	344.000	-66.383	
61	345.000	-66.208	
61	346.000	-65.988	
61	347.000	-64.909	
61	348.000	-63.848	
61	349.000	-63.091	
61	350.000	-62.760	
61	351.000	-62.567	
61	352.000	-63.247	
61	353.000	-63.796	
61	354.000	-64.476	
61	355.000	-65.473	
61	356.000	-66.980	
61	357.000	-68.983	
61	358.000	-70.559	
61	359.000	-71.738	
61	360.000	-72.505	
61	361.000	-71.805	
61	362.000	-71.494	
61	363.000	-70.677	
61	364.000	-68.999	
61	365.000	-68.573	
61	366.000	-67.499	
61	367.000	-66.697	
61	368.000	-66.161	
61	369.000	-65.543	
61	370.000	-65.925	
61	371.000	-65.851	
61	372.000	-65.843	
61	373.000	-64.509	
61	374.000	-64.642	
61	375.000	-64.082	
61	376.000	-63.957	
61	377.000	-63.459	
61	378.000	-62.477	
61	379.000	-62.143	
61	380.000	-61.617	
61	381.000	-60.857	
61	382.000	-60.334	
61	383.000	-59.639	
61	384.000	-58.521	
61	385.000	-58.044	
61	386.000	-57.037	
61	387.000	-57.371	
61	388.000	-57.514	
61	389.000	-57.582	
61	390.000	-57.662	
61	391.000	-58.347	
61	392.000	-59.298	
61	393.000	-59.104	
61	394.000	-58.540	
61	395.000	-57.943	
61	396.000	-58.436	
61	397.000	-57.481	
61	398.000	-56.910	
61	399.000	-56.540	
61	400.000	-56.487	
61	401.000	-56.392	
61	402.000	-56.531	
61	403.000	-56.783	
61	404.000	-58.306	
61	405.000	-60.261	
61	406.000	-62.284	
61	407.000	-64.275	
61	408.000	-64.284	
61	409.000	-64.563	
61	410.000	-63.726	
61	411.000	-64.266	
61	412.000	-64.011	
61	413.000	-63.435	
61	414.000	-63.096	
61	415.000	-62.579	
61	416.000	-62.156	
61	417.000	-61.218	
61	418.000	-60.047	
61	419.000	-59.678	
61	420.000	-59.160	
61	421.000	-59.073	
61	422.000	-59.235	
61	423.000	-60.581	
61	424.000	-62.626	
61	425.000	-64.624	
61	426.000	-66.447	
61	427.000	-67.505	
61	428.000	-67.120	
61	429.000	-67.376	
61	430.000	-67.331	
61	431.000	-67.726	
61	432.000	-67.957	
61	433.000	-67.522	
61	434.000	-68.007	
61	435.000	-68.319	
61	436.000	-68.034	
61	437.000	-66.209	
61	438.000	-65.706	
61	439.000	-65.270	
61	440.000	-64.195	
61	441.000	-63.535	
61	442.000	-63.590	
61	443.000	-63.065	
61	444.000	-62.544	
61	445.000	-62.314	
61	446.000	-62.170	
61	447.000	-62.311	
61	448.000	-62.498	
61	449.000	-61.657	
61	450.000	-60.875	
61	451.000	-60.730	
61	452.000	-60.622	
61	453.000	-60.370	
61	454.000	-60.206	
61	455.000	-59.412	
61	456.000	-59.489	
61	457.000	-59.403	
61	458.000	-59.167	
61	459.000	-59.443	
61	460.000	-59.533	
61	461.000	-59.055	
61	462.000	-58.233	
61	463.000	-57.632	
61	464.000	-57.016	
61	465.000	-56.086	
61	466.000	-55.090	
61	467.000	-54.281	
61	468.000	-53.738	
61	469.000	-54.716	
61	470.000	-56.285	
61	471.000	-57.315	
61	472.000	-58.032	
61	473.000	-60.293	
61	474.000	-63.817	
61	475.000	-66.844	
61	476.000	-68.664	
61	477.000	-68.988	
61	478.000	-68.417	
61	479.000	-67.953	
61	480.000	-67.178	
61	481.000	-67.219	
61	482.000	-67.484	
61	483.000	-67.736	
61	484.000	-67.924	
61	485.000	-67.647	
61	486.000	-67.042	
61	487.000	-65.670	
61	488.000	-64.722	
61	489.000	-64.087	
61	490.000	-63.850	
61	491.000	-64.520	
61	492.000	-65.146	
61	493.000	-65.363	
61	494.000	-65.099	
61	495.000	-64.422	
61	496.000	-64.175	
61	497.000	-63.612	
61	498.000	-63.154	
61	499.000	-64.201	
61	500.000	-65.536	
61	501.000	-65.710	
61	502.000	-65.733	
61	503.000	-66.043	
61	504.000	-66.306	
61	505.000	-67.023	
61	506.000	-67.682	
61	507.000	-67.009	
61	508.000	-66.877	
61	509.000	-67.518	
61	510.000	-67.569	
61	511.000	-67.586	
61	512.000	-66.125	
61	513.000	-65.436	
61	514.000	-64.351	
61	515.000	-63.979	
61	516.000	-64.124	
61	517.000	-62.719	
61	518.000	-61.462	
61	519.000	-60.649	
61	520.000	-59.987	
61	521.000	-58.476	
61	522.000	-58.782	
61	523.000	-59.562	
61	524.000	-61.495	
61	525.000	-63.347	
61	526.000	-64.529	
61	527.000	-65.578	
61	528.000	-67.107	
61	529.000	-68.341	
61	530.000	-68.966	
61	531.000	-68.818	
61	532.000	-67.604	
61	533.000	-66.654	
61	534.000	-66.310	
61	535.000	-65.481	
61	536.000	-63.644	
61	537.000	-62.903	
61	538.000	-61.952	
61	539.000	-60.911	
61	540.000	-60.905	
61	541.000	-61.157	
61	542.000	-61.379	
61	543.000	-62.048	
61	544.000	-62.958	
61	545.000	-63.263	
61	546.000	-63.293	
61	547.000	-62.726	
61	548.000	-62.284	
61	549.000	-61.992	
61	550.000	-61.491	
61	551.000	-62.307	
61	552.000	-63.692	
61	553.000	-63.770	
61	554.000	-63.279	
61	555.000	-62.625	
61	556.000	-62.495	
61	557.000	-62.447	
61	558.000	-62.202	
61	559.000	-62.727	
61	560.000	-62.986	
61	561.000	-62.973	
61	562.000	-63.436	
61	563.000	-63.469	
61	564.000	-63.434	
61	565.000	-63.523	
61	566.000	-62.520	
61	567.000	-62.996	
61	568.000	-64.030	
61	569.000	-65.045	
61	570.000	-65.781	
61	571.000	-66.068	
61	572.000	-66.290	
61	573.000	-66.097	
61	574.000	-65.928	
61	575.000	-65.376	
61	576.000	-64.147	
61	577.000	-63.512	
61	578.000	-62.451	
61	579.000	-63.332	
61	580.000	-65.799	
61	581.000	-67.700	
61	582.000	-68.918	
61	583.000	-69.481	
61	584.000	-69.009	
61	585.000	-68.233	
61	586.000	-67.391	
61	587.000	-67.193	
61	588.000	-67.767	
61	589.000	-67.624	
61	590.000	-66.928	
61	591.000	-66.464	
61	592.000	-66.100	
61	593.000	-65.592	
61	594.000	-64.813	
61	595.000	-63.736	
61	596.000	-63.855	
61	597.000	-63.604	
61	598.000	-64.860	
61	599.000	-65.548	
61	600.000	-66.482	
61	601.000	-65.306	
61	602.000	-65.560	
61	603.000	-66.109	
61	604.000	-67.170	
61	605.000	-67.287	
61	606.000	-68.305	
61	607.000	-68.504	
61	608.000	-68.563	
61	609.000	-66.770	
61	610.000	-65.883	
61	611.000	-65.220	
61	612.000	-65.173	
61	613.000	-64.394	
61	614.000	-63.439	
61	615.000	-65.206	
61	616.000	-66.511	
61	617.000	-67.693	
61	618.000	-68.408	
61	619.000	-68.702	
61	620.000	-68.023	
61	621.000	-66.583	
61	622.000	-65.611	
61	623.000	-64.641	
61	624.000	-64.026	
61	625.000	-63.651	
61	626.000	-63.413	
61	627.000	-62.736	
61	628.000	-62.863	
61	629.000	-63.083	
61	630.000	-63.224	
61	631.000	-63.413	
61	632.000	-63.507	
61	633.000	-63.357	
61	634.000	-62.350	
61	635.000	-61.417	
61	636.000	-61.300	
61	637.000	-60.559	
61	638.000	-61.644	
61	639.000	-63.274	
61	640.000	-64.419	
61	641.000	-64.798	
61	642.000	-64.851	
61	643.000	-64.135	
61	644.000	-63.461	
61	645.000	-62.723	
61	646.000	-62.453	
61	647.000	-61.897	
61	648.000	-61.037	
61	649.000	-60.771	
61	650.000	-60.786	
61	651.000	-60.721	
61	652.000	-60.617	
61	653.000	-59.820	
61	654.000	-59.195	
61	655.000	-58.113	
61	656.000	-57.956	
61	657.000	-58.007	
61	658.000	-58.009	
61	659.000	-58.152	
61	660.000	-57.684	
61	661.000	-57.241	
61	662.000	-56.748	
61	663.000	-56.569	
61	664.000	-56.556	
61	665.000	-56.332	
61	666.000	-56.134	
61	667.000	-55.952	
61	668.000	-56.693	
61	669.000	-56.729	
61	670.000	-57.118	
61	671.000	-57.454	
61	672.000	-57.454	
61	673.000	-57.361	
61	674.000	-57.878	
61	675.000	-57.767	
61	676.000	-57.823	
61	677.000	-57.751	
61	678.000	-58.669	
61	679.000	-59.082	
61	680.000	-60.011	
61	681.000	-60.508	
61	682.000	-60.621	
61	683.000	-60.676	
61	684.000	-61.521	
61	685.000	-62.799	
61	686.000	-64.269	
61	687.000	-65.022	
61	688.000	-66.086	
61	689.000	-66.614	
61	690.000	-67.468	
61	691.000	-68.990	
61	692.000	-69.627	
61	693.000	-69.562	
61	694.000	-68.901	
61	695.000	-69.101	
61	696.000	-69.097	
61	697.000	-69.412	
61	698.000	-70.106	
61	699.000	-70.588	
61	700.000	-71.509	
61	701.000	-71.662	
61	702.000	-71.302	
61	703.000	-70.918	
61	704.000	-71.036	
61	705.000	-70.245	
61	706.000	-69.193	
61	707.000	-68.535	
61	708.000	-67.879	
61	709.000	-66.051	
61	710.000	-64.621	
61	711.000	-64.235	
61	712.000	-62.600	
61	713.000	-62.128	
61	714.000	-61.156	
61	715.000	-60.694	
61	716.000	-61.869	
61	717.000	-63.343	
61	718.000	-65.512	
61	719.000	-66.903	
61	720.000	-67.389	
61	721.000	-67.214	
61	722.000	-66.911	
61	723.000	-66.092	
61	724.000	-65.746	
61	725.000	-65.113	
61	726.000	-64.366	
61	727.000	-63.575	
61	728.000	-61.739	
61	729.000	-60.897	
61	730.000	-60.686	
61	731.000	-59.669	
61	732.000	-58.043	
61	733.000	-57.134	
61	734.000	-56.321	
61	735.000	-55.043	
61	736.000	-55.074	
61	737.000	-54.888	
61	738.000	-53.935	
61	739.000	-53.717	
61	740.000	-53.488	
61	741.000	-53.484	
61	742.000	-53.522	
61	743.000	-54.152	
61	744.000	-54.403	
61	745.000	-54.459	
61	746.000	-54.061	
61	747.000	-53.967	
61	748.000	-54.040	
61	749.000	-53.847	
61	750.000	-53.480	
61	751.000	-52.793	
61	752.000	-52.915	
61	753.000	-52.813	
61	754.000	-53.053	
61	755.000	-52.295	
61	756.000	-51.438	
61	757.000	-51.350	
61	758.000	-52.165	
61	759.000	-54.187	
61	760.000	-56.270	
61	761.000	-57.404	
61	762.000	-60.049	
61	763.000	-62.439	
61	764.000	-64.101	
61	765.000	-65.919	
61	766.000	-67.522	
61	767.000	-68.109	
61	768.000	-68.619	
61	769.000	-68.933	
61	770.000	-69.591	
61	771.000	-69.408	
61	772.000	-69.486	
61	773.000	-69.775	
61	774.000	-69.276	
61	775.000	-68.314	
61	776.000	-67.195	
61	777.000	-66.244	
61	778.000	-66.890	
61	779.000	-66.863	
61	780.000	-66.709	
61	781.000	-66.472	
61	782.000	-66.106	
61	783.000	-65.828	
61	784.000	-66.594	
61	785.000	-66.554	
61	786.000	-66.486	
61	787.000	-66.338	
61	788.000	-65.523	
61	789.000	-64.854	
61	790.000	-63.835	
61	791.000	-62.348	
61	792.000	-61.391	
61	793.000	-61.059	
61	794.000	-61.283	
61	795.000	-61.515	
61	796.000	-62.042	
61	797.000	-62.623	
61	798.000	-63.220	
61	799.000	-63.469	
61	800.000	-63.398	
61	801.000	-63.320	
61	802.000	-64.381	
61	803.000	-64.818	
61	804.000	-64.504	
61	805.000	-64.390	
61	806.000	-64.948	
61	807.000	-64.912	
61	808.000	-65.365	
61	809.000	-64.429	
61	810.000	-64.358	
61	811.000	-63.848	
61	812.000	-63.456	
61	813.000	-63.304	
61	814.000	-63.496	
61	815.000	-63.113	
61	816.000	-64.314	
61	817.000	-65.881	
61	818.000	-66.928	
61	819.000	-68.282	
61	820.000	-69.319	
61	821.000	-69.394	
61	822.000	-70.065	
61	823.000	-68.991	
61	824.000	-68.296	
61	825.000	-67.562	
61	826.000	-66.533	
61	827.000	-66.172	
61	828.000	-66.546	
61	829.000	-66.907	
61	830.000	-67.109	
61	831.000	-66.312	
61	832.000	-66.251	
61	833.000	-65.877	
61	834.000	-65.193	
61	835.000	-65.426	
61	836.000	-65.314	
61	837.000	-66.241	
61	838.000	-65.983	
61	839.000	-66.421	
61	840.000	-65.841	
61	841.000	-66.360	
61	842.000	-67.270	
61	843.000	-66.408	
61	844.000	-67.745	
61	845.000	-69.420	
61	846.000	-69.926	
61	847.000	-70.037	
61	848.000	-70.361	
61	849.000	-70.556	
61	850.000	-71.029	
61	851.000	-70.704	
61	852.000	-69.686	
61	853.000	-69.102	
61	854.000	-68.302	
61	855.000	-66.478	
61	856.000	-66.096	
61	857.000	-65.122	
61	858.000	-64.097	
61	859.000	-62.990	
61	860.000	-62.438	
61	861.000	-62.201	
61	862.000	-61.994	
61	863.000	-61.927	
61	864.000	-61.815	
61	865.000	-61.914	
61	866.000	-61.884	
61	867.000	-62.354	
61	868.000	-63.085	
61	869.000	-63.334	
61	870.000	-64.209	
61	871.000	-64.248	
61	872.000	-64.630	
61	873.000	-64.386	
61	874.000	-63.644	
61	875.000	-62.408	
61	876.000	-61.310	
61	877.000	-60.697	
61	878.000	-61.400	
61	879.000	-63.037	
61	880.000	-64.671	
61	881.000	-65.745	
61	882.000	-65.902	
61	883.000	-66.024	
61	884.000	-65.791	
61	885.000	-65.596	
61	886.000	-65.278	
61	887.000	-64.762	
61	888.000	-63.825	
61	889.000	-62.865	
61	890.000	-62.688	
61	891.000	-62.872	
61	892.000	-63.370	
61	893.000	-64.169	
61	894.000	-66.055	
61	895.000	-67.429	
61	896.000	-68.116	
61	897.000	-68.025	
61	898.000	-67.777	
61	899.000	-66.981	
61	900.000	-66.148	
61	901.000	-66.080	
61	902.000	-65.449	
61	903.000	-64.626	
61	904.000	-63.620	
61	905.000	-62.784	
61	906.000	-62.294	
61	907.000	-61.710	
61	908.000	-61.806	
61	909.000	-62.537	
61	910.000	-62.588	
61	911.000	-62.783	
61	912.000	-62.339	
61	913.000	-61.633	
61	914.000	-60.824	
61	915.000	-59.675	
61	916.000	-59.871	
61	917.000	-60.113	
61	918.000	-60.802	
61	919.000	-61.700	
61	920.000	-62.271	
61	921.000	-62.459	
61	922.000	-64.126	
61	923.000	-66.024	
61	924.000	-67.056	
61	925.000	-68.657	
61	926.000	-69.985	
61	927.000	-70.419	
61	928.000	-69.947	
61	929.000	-69.574	
61	930.000	-69.328	
61	931.000	-68.574	
61	932.000	-68.307	
61	933.000	-67.653	
61	934.000	-67.728	
61	935.000	-67.618	
61	936.000	-67.300	
61	937.000	-66.426	
61	938.000	-66.769	
61	939.000	-66.418	
61	940.000	-66.146	
61	941.000	-66.013	
61	942.000	-65.954	
61	943.000	-66.526	
61	944.000	-66.785	
61	945.000	-66.174	
61	946.000	-65.359	
61	947.000	-64.872	
61	948.000	-65.447	
61	949.000	-65.653	
61	950.000	-65.855	
61	951.000	-65.462	
61	952.000	-64.535	
61	953.000	-63.802	
61	954.000	-63.091	
61	955.000	-62.479	
61	956.000	-62.773	
61	957.000	-63.524	
61	958.000	-65.118	
61	959.000	-66.508	
61	960.000	-66.940	
61	961.000	-66.207	
61	962.000	-65.611	
61	963.000	-65.768	
61	964.000	-66.162	
61	965.000	-66.626	
61	966.000	-66.500	
61	967.000	-67.330	
61	968.000	-67.191	
61	969.000	-67.710	
61	970.000	-68.205	
61	971.000	-67.388	
61	972.000	-67.143	
61	973.000	-67.047	
61	974.000	-66.569	
61	975.000	-66.017	
61	976.000	-66.070	
61	977.000	-66.829	
61	978.000	-67.235	
61	979.000	-68.213	
61	980.000	-67.135	
61	981.000	-66.688	
61	982.000	-66.444	
61	983.000	-66.166	
61	984.000	-65.260	
61	985.000	-65.860	
61	986.000	-65.366	
61	987.000	-65.919	
61	988.000	-65.563	
61	989.000	-65.782	
61	990.000	-65.250	
61	991.000	-64.807	
61	992.000	-64.390	
61	993.000	-65.056	
61	994.000	-65.543	
61	995.000	-66.022	
61	996.000	-66.149	
61	997.000	-65.825	
61	998.000	-64.791	
61	999.000	-63.111	
61	1000.000	-62.720	
61	1001.000	-61.775	
61	1002.000	-60.619	
61	1003.000	-60.171	
61	1004.000	-59.158	
61	1005.000	-58.323	
61	1006.000	-57.726	
61	1007.000	-57.054	
61	1008.000	-56.541	
61	1009.000	-56.319	
61	1010.000	-55.456	
61	1011.000	-55.422	
61	1012.000	-56.484	
61	1013.000	-58.203	
61	1014.000	-59.584	
61	1015.000	-60.200	
61	1016.000	-61.357	
61	1017.000	-61.463	
61	1018.000	-60.978	
61	1019.000	-61.067	
61	1020.000	-60.832	
61	1021.000	-60.221	
61	1022.000	-58.847	
61	1023.000	-59.210	
61	1024.000	-59.978	
61	1025.000	-60.930	
61	1026.000	-61.544	
61	1027.000	-62.528	
61	1028.000	-63.608	
61	1029.000	-63.416	
61	1030.000	-63.307	
61	1031.000	-63.294	
61	1032.000	-63.879	
61	1033.000	-64.074	
61	1034.000	-63.762	
61	1035.000	-63.183	
61	1036.000	-63.606	
61	1037.000	-64.903	
61	1038.000	-65.487	
61	1039.000	-66.016	
61	1040.000	-67.212	
61	1041.000	-67.957	
61	1042.000	-67.437	
61	1043.000	-67.060	
61	1044.000	-67.146	
61	1045.000	-66.021	
61	1046.000	-64.784	
61	1047.000	-63.654	
61	1048.000	-63.330	
61	1049.000	-62.528	
61	1050.000	-62.691	
61	1051.000	-63.708	
61	1052.000	-64.808	
61	1053.000	-66.309	
61	1054.000	-66.715	
61	1055.000	-67.454	
61	1056.000	-67.600	
61	1057.000	-66.966	
61	1058.000	-66.944	
61	1059.000	-66.908	
61	1060.000	-67.173	
61	1061.000	-66.776	
61	1062.000	-67.884	
61	1063.000	-68.557	
61	1064.000	-68.654	
61	1065.000	-67.948	
61	1066.000	-67.116	
61	1067.000	-66.722	
61	1068.000	-65.684	
61	1069.000	-64.383	
61	1070.000	-62.581	
61	1071.000	-61.886	
61	1072.000	-61.276	
61	1073.000	-61.633	
61	1074.000	-62.788	
61	1075.000	-63.459	
61	1076.000	-63.921	
61	1077.000	-65.278	
61	1078.000	-66.102	
61	1079.000	-66.279	
61	1080.000	-66.413	
61	1081.000	-65.954	
61	1082.000	-65.938	
61	1083.000	-65.385	
61	1084.000	-64.705	
61	1085.000	-64.731	
61	1086.000	-64.643	
61	1087.000	-63.463	
61	1088.000	-62.877	
61	1089.000	-63.338	
61	1090.000	-64.610	
61	1091.000	-65.301	
61	1092.000	-64.534	
61	1093.000	-63.750	
61	1094.000	-64.208	
61	1095.000	-64.383	
61	1096.000	-64.479	
61	1097.000	-63.919	
61	1098.000	-63.337	
61	1099.000	-62.660	
61	1100.000	-62.136	
61	1101.000	-61.743	
61	1102.000	-61.051	
61	1103.000	-61.253	
61	1104.000	-61.595	
61	1105.000	-63.541	
61	1106.000	-65.578	
61	1107.000	-66.742	
61	1108.000	-67.772	
61	1109.000	-68.379	
61	1110.000	-69.058	
61	1111.000	-69.292	
61	1112.000	-69.598	
61	1113.000	-69.295	
61	1114.000	-70.041	
61	1115.000	-70.123	
61	1116.000	-70.054	
61	1117.000	-69.617	
61	1118.000	-68.577	
61	1119.000	-67.479	
61	1120.000	-66.452	
61	1121.000	-64.879	
61	1122.000	-63.463	
61	1123.000	-63.236	
61	1124.000	-62.802	
61	1125.000	-63.034	
61	1126.000	-63.551	
61	1127.000	-64.029	
61	1128.000	-63.644	
61	1129.000	-63.813	
61	1130.000	-64.905	
61	1131.000	-65.857	
61	1132.000	-66.393	
61	1133.000	-65.173	
61	1134.000	-64.535	
61	1135.000	-64.206	
61	1136.000	-64.079	
61	1137.000	-63.953	
61	1138.000	-63.487	
61	1139.000	-63.267	
61	1140.000	-63.274	
61	1141.000	-62.721	
61	1142.000	-62.779	
61	1143.000	-62.844	
61	1144.000	-62.295	
61	1145.000	-60.922	
61	1146.000	-60.135	
61	1147.000	-60.097	
61	1148.000	-59.803	
61	1149.000	-59.479	
61	1150.000	-59.518	
61	1151.000	-58.758	
61	1152.000	-58.405	
61	1153.000	-58.075	
61	1154.000	-57.902	
61	1155.000	-57.360	
61	1156.000	-56.770	
61	1157.000	-56.279	
61	1158.000	-55.893	
61	1159.000	-55.407	
61	1160.000	-55.393	
61	1161.000	-55.587	
61	1162.000	-55.780	
61	1163.000	-56.665	
61	1164.000	-58.224	
61	1165.000	-59.384	
61	1166.000	-59.949	
61	1167.000	-60.596	
61	1168.000	-60.831	
61	1169.000	-61.071	
61	1170.000	-60.570	
61	1171.000	-59.765	
61	1172.000	-59.747	
61	1173.000	-59.912	
61	1174.000	-59.274	
61	1175.000	-59.552	
61	1176.000	-59.449	
61	1177.000	-59.808	
61	1178.000	-60.305	
61	1179.000	-60.010	
61	1180.000	-61.145	
61	1181.000	-62.259	
61	1182.000	-63.609	
61	1183.000	-64.280	
61	1184.000	-64.283	
61	1185.000	-64.684	
61	1186.000	-64.831	
61	1187.000	-64.748	
61	1188.000	-64.449	
61	1189.000	-64.418	
61	1190.000	-63.949	
61	1191.000	-63.157	
61	1192.000	-62.662	
61	1193.000	-62.114	
61	1194.000	-60.913	
61	1195.000	-60.293	
61	1196.000	-60.115	
61	1197.000	-59.835	
61	1198.000	-60.886	
61	1199.000	-61.998	
61	1200.000	-62.320	
61	1201.000	-62.604	
61	1202.000	-62.750	
61	1203.000	-62.600	
61	1204.000	-63.249	
61	1205.000	-62.967	
61	1206.000	-63.025	
61	1207.000	-63.108	
61	1208.000	-62.449	
61	1209.000	-61.644	
61	1210.000	-61.639	
61	1211.000	-62.129	
61	1212.000	-61.970	
61	1213.000	-61.895	
61	1214.000	-62.021	
61	1215.000	-62.424	
61	1216.000	-63.098	
61	1217.000	-63.160	
61	1218.000	-62.989	
61	1219.000	-62.279	
61	1220.000	-61.994	
61	1221.000	-62.582	
61	1222.000	-63.208	
61	1223.000	-63.368	
61	1224.000	-62.889	
61	1225.000	-62.559	
61	1226.000	-61.935	
61	1227.000	-60.919	
61	1228.000	-60.491	
61	1229.000	-60.350	
61	1230.000	-59.366	
61	1231.000	-58.909	
61	1232.000	-58.688	
61	1233.000	-59.040	
61	1234.000	-59.307	
61	1235.000	-60.199	
61	1236.000	-60.921	
61	1237.000	-61.596	
61	1238.000	-61.871	
61	1239.000	-61.209	
61	1240.000	-60.950	
61	1241.000	-61.085	
61	1242.000	-61.802	
61	1243.000	-62.561	
61	1244.000	-63.577	
61	1245.000	-63.876	
61	1246.000	-64.392	
61	1247.000	-63.847	
61	1248.000	-63.971	
61	1249.000	-64.174	
61	1250.000	-64.834	
61	1251.000	-65.774	
61	1252.000	-65.808	
61	1253.000	-64.898	
61	1254.000	-64.219	
61	1255.000	-63.971	
61	1256.000	-62.740	
61	1257.000	-62.929	
61	1258.000	-63.122	
61	1259.000	-62.507	
61	1260.000	-61.906	
61	1261.000	-60.792	
61	1262.000	-59.986	
61	1263.000	-58.317	
61	1264.000	-59.438	
61	1265.000	-61.283	
61	1266.000	-63.991	
61	1267.000	-66.073	
61	1268.000	-67.446	
61	1269.000	-67.610	
61	1270.000	-67.939	
61	1271.000	-68.142	
61	1272.000	-68.091	
61	1273.000	-67.110	
61	1274.000	-67.181	
61	1275.000	-66.993	
61	1276.000	-66.359	
61	1277.000	-66.795	
61	1278.000	-66.720	
61	1279.000	-65.855	
61	1280.000	-64.959	
61	1281.000	-64.375	
61	1282.000	-63.356	
61	1283.000	-62.761	
61	1284.000	-62.086	
61	1285.000	-61.087	
61	1286.000	-60.665	
61	1287.000	-59.668	
61	1288.000	-59.596	
61	1289.000	-59.599	
61	1290.000	-59.133	
61	1291.000	-58.099	
61	1292.000	-58.303	
61	1293.000	-57.649	
61	1294.000	-56.539	
61	1295.000	-55.734	
61	1296.000	-55.898	
61	1297.000	-54.830	
61	1298.000	-54.482	
61	1299.000	-54.468	
61	1300.000	-53.869	
61	1301.000	-54.451	
61	1302.000	-55.479	
61	1303.000	-56.079	
61	1304.000	-57.516	
61	1305.000	-57.888	
61	1306.000	-57.953	
61	1307.000	-58.277	
61	1308.000	-58.876	
61	1309.000	-60.546	
61	1310.000	-61.376	
61	1311.000	-63.906	
61	1312.000	-66.289	
61	1313.000	-67.475	
61	1314.000	-67.941	
61	1315.000	-67.588	
61	1316.000	-67.242	
61	1317.000	-66.597	
61	1318.000	-66.321	
61	1319.000	-65.792	
61	1320.000	-65.258	
61	1321.000	-65.440	
61	1322.000	-66.278	
61	1323.000	-66.584	
61	1324.000	-66.494	
61	1325.000	-66.016	
61	1326.000	-66.560	
61	1327.000	-66.794	
61	1328.000	-66.126	
61	1329.000	-65.499	
61	1330.000	-64.492	
61	1331.000	-64.439	
61	1332.000	-63.509	
61	1333.000	-63.155	
61	1334.000	-62.505	
61	1335.000	-61.814	
61	1336.000	-61.413	
61	1337.000	-60.560	
61	1338.000	-59.916	
61	1339.000	-60.922	
61	1340.000	-62.574	
61	1341.000	-63.482	
61	1342.000	-62.971	
61	1343.000	-63.014	
61	1344.000	-62.524	
61	1345.000	-62.300	
61	1346.000	-62.144	
61	1347.000	-61.216	
61	1348.000	-61.637	
61	1349.000	-62.704	
61	1350.000	-63.824	
61	1351.000	-64.533	
61	1352.000	-64.819	
61	1353.000	-64.981	
61	1354.000	-64.354	
61	1355.000	-63.382	
61	1356.000	-62.828	
61	1357.000	-62.814	
61	1358.000	-63.416	
61	1359.000	-64.586	
61	1360.000	-64.412	
61	1361.000	-63.948	
61	1362.000	-63.845	
61	1363.000	-63.270	
61	1364.000	-62.568	
61	1365.000	-62.635	
61	1366.000	-61.868	
61	1367.000	-61.024	
61	1368.000	-60.915	
61	1369.000	-61.289	
61	1370.000	-61.686	
61	1371.000	-62.486	
61	1372.000	-62.046	
61	1373.000	-61.588	
61	1374.000	-61.978	
61	1375.000	-60.607	
61	1376.000	-59.690	
61	1377.000	-59.558	
61	1378.000	-59.522	
61	1379.000	-59.041	
61	1380.000	-59.041	
61	1381.000	-59.219	
61	1382.000	-59.106	
61	1383.000	-58.507	
61	1384.000	-57.741	
61	1385.000	-57.745	
61	1386.000	-57.478	
61	1387.000	-57.664	
61	1388.000	-57.455	
61	1389.000	-56.409	
61	1390.000	-55.489	
61	1391.000	-55.053	
61	1392.000	-55.352	
61	1393.000	-55.342	
61	1394.000	-56.105	
61	1395.000	-57.167	
61	1396.000	-59.249	
61	1397.000	-60.745	
61	1398.000	-61.726	
61	1399.000	-62.630	
61	1400.000	-62.934	
61	1401.000	-62.976	
61	1402.000	-63.076	
61	1403.000	-62.673	
61	1404.000	-62.207	
61	1405.000	-62.861	
61	1406.000	-63.965	
61	1407.000	-64.914	
61	1408.000	-65.196	
61	1409.000	-65.057	
61	1410.000	-65.789	
61	1411.000	-66.269	
61	1412.000	-66.238	
61	1413.000	-65.763	
61	1414.000	-65.882	
61	1415.000	-65.606	
61	1416.000	-64.853	
61	1417.000	-64.131	
61	1418.000	-64.246	
61	1419.000	-63.508	
61	1420.000	-62.897	
61	1421.000	-62.314	
61	1422.000	-61.691	
61	1423.000	-61.553	
61	1424.000	-61.377	
61	1425.000	-60.308	
61	1426.000	-59.059	
61	1427.000	-59.428	
61	1428.000	-59.948	
61	1429.000	-61.294	
61	1430.000	-63.032	
61	1431.000	-65.229	
61	1432.000	-67.318	
61	1433.000	-67.756	
61	1434.000	-67.617	
61	1435.000	-67.880	
61	1436.000	-68.004	
61	1437.000	-68.385	
61	1438.000	-67.765	
61	1439.000	-67.237	
61	1440.000	-66.288	
61	1441.000	-66.308	
61	1442.000	-66.156	
61	1443.000	-65.349	
61	1444.000	-65.496	
61	1445.000	-65.224	
61	1446.000	-64.597	
61	1447.000	-63.420	
61	1448.000	-62.923	
61	1449.000	-61.878	
61	1450.000	-61.461	
61	1451.000	-60.585	
61	1452.000	-60.179	
61	1453.000	-59.436	
61	1454.000	-59.710	
61	1455.000	-61.730	
61	1456.000	-64.168	
61	1457.000	-66.620	
61	1458.000	-69.190	
61	1459.000	-70.061	
61	1460.000	-69.615	
61	1461.000	-68.978	
61	1462.000	-69.350	
61	1463.000	-68.896	
61	1464.000	-67.754	
61	1465.000	-68.120	
61	1466.000	-67.706	
61	1467.000	-67.064	
61	1468.000	-65.887	
61	1469.000	-64.467	
61	1470.000	-63.319	
61	1471.000	-61.944	
61	1472.000	-61.912	
61	1473.000	-61.835	
61	1474.000	-60.443	
61	1475.000	-60.552	
61	1476.000	-61.205	
61	1477.000	-61.532	
61	1478.000	-61.711	
61	1479.000	-61.403	
61	1480.000	-60.635	
61	1481.000	-60.364	
61	1482.000	-60.172	
61	1483.000	-59.794	
61	1484.000	-60.515	
61	1485.000	-61.000	
61	1486.000	-61.907	
61	1487.000	-62.387	
61	1488.000	-62.585	
61	1489.000	-62.136	
61	1490.000	-61.427	
61	1491.000	-60.965	
61	1492.000	-61.020	
61	1493.000	-60.877	
61	1494.000	-60.004	
61	1495.000	-58.950	
61	1496.000	-58.662	
61	1497.000	-58.988	
61	1498.000	-58.014	
61	1499.000	-57.538	
61	1500.000	-57.730	
61	1501.000	-57.898	
61	1502.000	-57.904	
61	1503.000	-58.082	
61	1504.000	-58.752	
61	1505.000	-59.320	
61	1506.000	-60.902	
61	1507.000	-62.385	
61	1508.000	-63.746	
61	1509.000	-64.556	
61	1510.000	-64.455	
61	1511.000	-64.346	
61	1512.000	-64.484	
61	1513.000	-64.389	
61	1514.000	-63.952	
61	1515.000	-63.933	
61	1516.000	-64.484	
61	1517.000	-63.736	
61	1518.000	-62.914	
61	1519.000	-62.841	
61	1520.000	-63.445	
61	1521.000	-63.586	
61	1522.000	-63.680	
61	1523.000	-63.060	
61	1524.000	-61.478	
61	1525.000	-60.679	
61	1526.000	-60.000	
61	1527.000	-59.864	
61	1528.000	-59.351	
61	1529.000	-58.856	
61	1530.000	-58.788	
61	1531.000	-59.141	
61	1532.000	-59.873	
61	1533.000	-60.437	
61	1534.000	-60.483	
61	1535.000	-61.002	
61	1536.000	-60.634	
61	1537.000	-60.732	
61	1538.000	-60.024	
61	1539.000	-59.353	
61	1540.000	-59.017	
61	1541.000	-58.667	
61	1542.000	-58.369	
61	1543.000	-57.744	
61	1544.000	-57.774	
61	1545.000	-57.316	
61	1546.000	-57.072	
61	1547.000	-56.882	
61	1548.000	-56.170	
61	1549.000	-55.789	
61	1550.000	-55.230	
61	1551.000	-55.114	
61	1552.000	-54.349	
61	1553.000	-53.918	
61	1554.000	-53.612	
61	1555.000	-54.912	
61	1556.000	-58.388	
61	1557.000	-62.829	
61	1558.000	-66.389	
61	1559.000	-68.939	
61	1560.000	-70.127	
61	1561.000	-70.480	
61	1562.000	-69.795	
61	1563.000	-68.992	
61	1564.000	-68.275	
61	1565.000	-67.555	
61	1566.000	-66.832	
61	1567.000	-65.981	
61	1568.000	-65.418	
61	1569.000	-64.828	
61	1570.000	-64.272	
61	1571.000	-63.550	
61	1572.000	-62.359	
61	1573.000	-60.562	
61	1574.000	-60.128	
61	1575.000	-59.265	
61	1576.000	-58.531	
61	1577.000	-58.177	
61	1578.000	-57.965	
61	1579.000	-58.311	
61	1580.000	-58.942	
61	1581.000	-59.794	
61	1582.000	-60.888	
61	1583.000	-62.352	
61	1584.000	-63.599	
61	1585.000	-64.121	
61	1586.000	-64.627	
61	1587.000	-66.253	
61	1588.000	-66.471	
61	1589.000	-65.920	
61	1590.000	-66.260	
61	1591.000	-66.194	
61	1592.000	-65.958	
61	1593.000	-64.699	
61	1594.000	-63.699	
61	1595.000	-63.736	
61	1596.000	-63.486	
61	1597.000	-62.611	
61	1598.000	-62.019	
61	1599.000	-61.835	
61	1600.000	-61.868	
61	1601.000	-62.019	
61	1602.000	-61.868	
61	1603.000	-60.930	
61	1604.000	-59.567	
61	1605.000	-58.837	
61	1606.000	-58.042	
61	1607.000	-58.004	
61	1608.000	-57.871	
61	1609.000	-56.921	
61	1610.000	-56.058	
61	1611.000	-58.139	
61	1612.000	-60.595	
61	1613.000	-62.496	
61	1614.000	-63.981	
61	1615.000	-64.415	
61	1616.000	-65.312	
61	1617.000	-65.990	
61	1618.000	-64.656	
61	1619.000	-64.409	
61	1620.000	-64.221	
61	1621.000	-63.843	
61	1622.000	-62.788	
61	1623.000	-61.876	
61	1624.000	-60.258	
61	1625.000	-60.296	
61	1626.000	-60.534	
61	1627.000	-61.919	
61	1628.000	-61.111	
61	1629.000	-61.382	
61	1630.000	-61.511	
61	1631.000	-62.379	
61	1632.000	-63.326	
61	1633.000	-64.144	
61	1634.000	-64.879	
61	1635.000	-65.742	
61	1636.000	-65.978	
61	1637.000	-65.610	
61	1638.000	-65.321	
61	1639.000	-64.823	
61	1640.000	-64.708	
61	1641.000	-64.392	
61	1642.000	-65.400	
61	1643.000	-65.917	
61	1644.000	-66.614	
61	1645.000	-66.512	
61	1646.000	-67.183	
61	1647.000	-68.362	
61	1648.000	-68.476	
61	1649.000	-67.446	
61	1650.000	-66.667	
61	1651.000	-66.261	
61	1652.000	-66.076	
61	1653.000	-64.979	
61	1654.000	-64.312	
61	1655.000	-63.860	
61	1656.000	-62.419	
61	1657.000	-61.923	
61	1658.000	-60.762	
61	1659.000	-59.747	
61	1660.000	-58.451	
61	1661.000	-56.942	
61	1662.000	-56.316	
61	1663.000	-56.676	
61	1664.000	-56.673	
61	1665.000	-55.744	
61	1666.000	-55.587	
61	1667.000	-55.538	
61	1668.000	-56.204	
61	1669.000	-55.824	
61	1670.000	-55.480	
61	1671.000	-55.683	
61	1672.000	-56.831	
61	1673.000	-58.005	
61	1674.000	-59.081	
61	1675.000	-59.487	
61	1676.000	-59.799	
61	1677.000	-59.989	
61	1678.000	-60.479	
61	1679.000	-60.677	
61	1680.000	-60.121	
61	1681.000	-60.635	
61	1682.000	-61.438	
61	1683.000	-62.700	
61	1684.000	-64.344	
61	1685.000	-65.508	
61	1686.000	-67.489	
61	1687.000	-68.243	
61	1688.000	-69.167	
61	1689.000	-69.233	
61	1690.000	-69.556	
61	1691.000	-68.939	
61	1692.000	-69.187	
61	1693.000	-69.447	
61	1694.000	-69.664	
61	1695.000	-69.992	
61	1696.000	-70.615	
61	1697.000	-71.153	
61	1698.000	-71.412	
61	1699.000	-70.899	
61	1700.000	-71.057	
61	1701.000	-70.300	
61	1702.000	-70.039	
61	1703.000	-69.655	
61	1704.000	-68.465	
61	1705.000	-68.198	
61	1706.000	-66.965	
61	1707.000	-66.329	
61	1708.000	-65.937	
61	1709.000	-66.410	
61	1710.000	-66.231	
61	1711.000	-65.664	
61	1712.000	-65.511	
61	1713.000	-65.342	
61	1714.000	-65.547	
61	1715.000	-65.891	
61	1716.000	-66.659	
61	1717.000	-66.854	
61	1718.000	-66.646	
61	1719.000	-67.305	
61	1720.000	-67.398	
61	1721.000	-66.977	
61	1722.000	-66.231	
61	1723.000	-65.221	
61	1724.000	-65.245	
61	1725.000	-65.024	
61	1726.000	-65.266	
61	1727.000	-65.151	
61	1728.000	-64.528	
61	1729.000	-64.833	
61	1730.000	-63.813	
61	1731.000	-62.392	
61	1732.000	-60.560	
61	1733.000	-59.817	
61	1734.000	-62.395	
61	1735.000	-65.673	
61	1736.000	-68.528	
61	1737.000	-70.755	
61	1738.000	-71.827	
61	1739.000	-72.366	
61	1740.000	-70.947	
61	1741.000	-69.701	
61	1742.000	-70.121	
61	1743.000	-69.805	
61	1744.000	-69.500	
61	1745.000	-67.940	
61	1746.000	-67.273	
61	1747.000	-67.241	
61	1748.000	-67.662	
61	1749.000	-67.969	
61	1750.000	-66.552	
61	1751.000	-65.653	
61	1752.000	-64.898	
61	1753.000	-64.690	
61	1754.000	-64.603	
61	1755.000	-65.040	
61	1756.000	-64.916	
61	1757.000	-64.998	
61	1758.000	-65.060	
61	1759.000	-64.276	
61	1760.000	-64.075	
61	1761.000	-63.595	
61	1762.000	-62.922	
61	1763.000	-61.152	
61	1764.000	-59.900	
61	1765.000	-60.146	
61	1766.000	-61.512	
61	1767.000	-63.085	
61	1768.000	-64.211	
61	1769.000	-64.759	
61	1770.000	-66.163	
61	1771.000	-65.947	
61	1772.000	-65.988	
61	1773.000	-64.832	
61	1774.000	-64.902	
61	1775.000	-64.899	
61	1776.000	-64.787	
61	1777.000	-65.398	
61	1778.000	-66.523	
61	1779.000	-67.158	
61	1780.000	-67.559	
61	1781.000	-68.310	
61	1782.000	-67.456	
61	1783.000	-67.517	
61	1784.000	-67.721	
61	1785.000	-67.972	
61	1786.000	-67.115	
61	1787.000	-66.327	
61	1788.000	-65.834	
61	1789.000	-65.884	
61	1790.000	-66.846	
61	1791.000	-68.243	
61	1792.000	-68.234	
61	1793.000	-68.841	
61	1794.000	-69.223	
61	1795.000	-68.955	
61	1796.000	-68.927	
61	1797.000	-69.069	
61	1798.000	-69.463	
61	1799.000	-69.140	
61	1800.000	-69.286	
61	1801.000	-68.320	
61	1802.000	-66.873	
61	1803.000	-66.697	
61	1804.000	-66.235	
61	1805.000	-65.149	
61	1806.000	-64.482	
61	1807.000	-64.386	
61	1808.000	-63.443	
61	1809.000	-62.507	
61	1810.000	-61.381	
61	1811.000	-60.192	
61	1812.000	-60.387	
61	1813.000	-60.049	
61	1814.000	-59.937	
61	1815.000	-60.085	
61	1816.000	-61.735	
61	1817.000	-63.664	
61	1818.000	-64.912	
61	1819.000	-66.869	
61	1820.000	-68.255	
61	1821.000	-69.595	
61	1822.000	-69.314	
61	1823.000	-68.677	
61	1824.000	-67.643	
61	1825.000	-66.806	
61	1826.000	-64.710	
61	1827.000	-64.720	
61	1828.000	-64.497	
61	1829.000	-63.731	
61	1830.000	-63.200	
61	1831.000	-62.570	
61	1832.000	-61.769	
61	1833.000	-60.903	
61	1834.000	-59.733	
61	1835.000	-58.900	
61	1836.000	-58.612	
61	1837.000	-57.571	
61	1838.000	-56.887	
61	1839.000	-58.051	
61	1840.000	-60.033	
61	1841.000	-62.910	
61	1842.000	-64.041	
61	1843.000	-65.183	
61	1844.000	-66.415	
61	1845.000	-67.502	
61	1846.000	-67.501	
61	1847.000	-67.021	
61	1848.000	-66.974	
61	1849.000	-66.330	
61	1850.000	-66.382	
61	1851.000	-66.418	
61	1852.000	-66.370	
61	1853.000	-66.080	
61	1854.000	-64.360	
61	1855.000	-63.760	
61	1856.000	-62.420	
61	1857.000	-63.106	
61	1858.000	-64.543	
61	1859.000	-65.729	
61	1860.000	-65.666	
61	1861.000	-65.697	
61	1862.000	-66.080	
61	1863.000	-65.913	
61	1864.000	-65.108	
61	1865.000	-64.839	
61	1866.000	-65.173	
61	1867.000	-66.369	
61	1868.000	-67.768	
61	1869.000	-67.556	
61	1870.000	-67.802	
61	1871.000	-68.310	
61	1872.000	-68.015	
61	1873.000	-68.023	
61	1874.000	-68.703	
61	1875.000	-68.603	
61	1876.000	-67.890	
61	1877.000	-67.803	
61	1878.000	-67.555	
61	1879.000	-66.253	
61	1880.000	-65.846	
61	1881.000	-65.344	
61	1882.000	-63.755	
61	1883.000	-63.115	
61	1884.000	-62.724	
61	1885.000	-63.388	
61	1886.000	-62.890	
61	1887.000	-63.569	
61	1888.000	-63.625	
61	1889.000	-63.690	
61	1890.000	-63.826	
61	1891.000	-64.123	
61	1892.000	-64.410	
61	1893.000	-64.370	
61	1894.000	-64.108	
61	1895.000	-64.386	
61	1896.000	-63.512	
61	1897.000	-62.365	
61	1898.000	-60.868	
61	1899.000	-59.881	
61	1900.000	-58.972	
61	1901.000	-58.995	
61	1902.000	-58.621	
61	1903.000	-58.614	
61	1904.000	-58.044	
61	1905.000	-57.312	
61	1906.000	-56.774	
61	1907.000	-56.369	
61	1908.000	-56.699	
61	1909.000	-55.914	
61	1910.000	-55.013	
61	1911.000	-53.971	
61	1912.000	-53.862	
61	1913.000	-53.955	
61	1914.000	-55.001	
61	1915.000	-57.802	
61	1916.000	-60.069	
61	1917.000	-61.135	
61	1918.000	-62.811	
61	1919.000	-64.021	
61	1920.000	-63.947	
61	1921.000	-64.378	
61	1922.000	-65.048	
61	1923.000	-65.350	
61	1924.000	-65.457	
61	1925.000	-65.918	
61	1926.000	-64.776	
61	1927.000	-64.806	
61	1928.000	-64.993	
61	1929.000	-64.892	
61	1930.000	-65.162	
61	1931.000	-64.386	
61	1932.000	-63.591	
61	1933.000	-63.088	
61	1934.000	-62.911	
61	1935.000	-63.051	
61	1936.000	-62.391	
61	1937.000	-62.920	
61	1938.000	-64.583	
61	1939.000	-66.741	
61	1940.000	-67.905	
61	1941.000	-68.056	
61	1942.000	-68.038	
61	1943.000	-67.544	
61	1944.000	-66.959	
61	1945.000	-66.097	
61	1946.000	-65.415	
61	1947.000	-64.417	
61	1948.000	-63.288	
61	1949.000	-62.832	
61	1950.000	-61.943	
61	1951.000	-60.487	
61	1952.000	-60.169	
61	1953.000	-59.697	
61	1954.000	-60.111	
61	1955.000	-60.790	
61	1956.000	-61.296	
61	1957.000	-61.893	
61	1958.000	-62.254	
61	1959.000	-63.198	
61	1960.000	-63.681	
61	1961.000	-64.729	
61	1962.000	-65.662	
61	1963.000	-66.938	
61	1964.000	-67.740	
61	1965.000	-68.238	
61	1966.000	-68.612	
61	1967.000	-68.446	
61	1968.000	-67.614	
61	1969.000	-66.868	
61	1970.000	-67.406	
61	1971.000	-68.079	
61	1972.000	-68.731	
61	1973.000	-69.092	
61	1974.000	-68.307	
61	1975.000	-66.922	
61	1976.000	-66.718	
61	1977.000	-65.837	
61	1978.000	-65.433	
61	1979.000	-64.579	
61	1980.000	-63.540	
61	1981.000	-61.973	
61	1982.000	-60.895	
61	1983.000	-59.639	
61	1984.000	-58.644	
61	1985.000	-59.836	
61	1986.000	-61.767	
61	1987.000	-63.373	
61	1988.000	-64.664	
61	1989.000	-66.624	
61	1990.000	-68.995	
61	1991.000	-71.341	
61	1992.000	-72.150	
61	1993.000	-72.657	
61	1994.000	-72.512	
61	1995.000	-72.189	
61	1996.000	-71.497	
61	1997.000	-71.531	
61	1998.000	-70.623	
61	1999.000	-70.415	
