113	1.000	-70.000	
113	2.000	-69.856	
113	3.000	-68.442	
113	4.000	-67.136	
113	5.000	-65.361	
113	6.000	-64.121	
113	7.000	-63.642	
113	8.000	-63.214	
113	9.000	-62.958	
113	10.000	-61.913	
113	11.000	-61.299	
113	12.000	-59.729	
113	13.000	-59.376	
113	14.000	-58.610	
113	15.000	-57.967	
113	16.000	-57.707	
113	17.000	-57.442	
113	18.000	-57.190	
113	19.000	-56.906	
113	20.000	-56.861	
113	21.000	-55.983	
113	22.000	-56.809	
113	23.000	-58.650	
113	24.000	-62.151	
113	25.000	-66.257	
113	26.000	-69.218	
113	27.000	-71.518	
113	28.000	-72.516	
113	29.000	-73.100	
113	30.000	-73.188	
113	31.000	-72.762	
113	32.000	-72.326	
113	33.000	-72.230	
113	34.000	-71.447	
113	35.000	-70.799	
113	36.000	-69.780	
113	37.000	-68.810	
113	38.000	-67.187	
113	39.000	-66.380	
113	40.000	-65.957	
113	41.000	-65.032	
113	42.000	-64.425	
113	43.000	-63.417	
113	44.000	-61.953	
113	45.000	-61.472	
113	46.000	-60.867	
113	47.000	-60.153	
113	48.000	-58.432	
113	49.000	-59.139	
113	50.000	-60.442	
113	51.000	-61.915	
113	52.000	-64.197	
113	53.000	-65.070	
113	54.000	-66.339	
113	55.000	-67.679	
113	56.000	-69.393	
113	57.000	-70.456	
113	58.000	-70.925	
113	59.000	-70.349	
113	60.000	-69.378	
113	61.000	-68.602	
113	62.000	-66.603	
113	63.000	-64.988	
113	64.000	-64.067	
113	65.000	-62.550	
113	66.000	-60.583	
113	67.000	-59.483	
113	68.000	-59.256	
113	69.000	-59.478	
113	70.000	-59.497	
113	71.000	-59.276	
113	72.000	-58.632	
113	73.000	-57.182	
113	74.000	-56.233	
113	75.000	-57.393	
113	76.000	-58.358	
113	77.000	-59.251	
113	78.000	-60.009	
113	79.000	-59.899	
113	80.000	-59.981	
113	81.000	-59.828	
113	82.000	-61.403	
113	83.000	-61.987	
113	84.000	-62.351	
113	85.000	-63.506	
113	86.000	-63.642	
113	87.000	-63.373	
113	88.000	-63.263	
113	89.000	-62.449	
113	90.000	-62.290	
113	91.000	-62.718	
113	92.000	-63.305	
113	93.000	-63.982	
113	94.000	-63.885	
113	95.000	-63.455	
113	96.000	-63.545	
113	97.000	-63.643	
113	98.000	-63.619	
113	99.000	-63.618	
113	100.000	-63.875	
113	101.000	-63.057	
113	102.000	-62.654	
113	103.000	-61.603	
113	104.000	-60.720	
113	105.000	-59.727	
113	106.000	-60.258	
113	107.000	-61.104	
113	108.000	-62.261	
113	109.000	-62.529	
113	110.000	-62.256	
113	111.000	-63.619	
113	112.000	-65.101	
113	113.000	-64.864	
113	114.000	-66.100	
113	115.000	-67.282	
113	116.000	-68.235	
113	117.000	-67.625	
113	118.000	-66.358	
113	119.000	-66.186	
113	120.000	-66.472	
113	121.000	-65.969	
113	122.000	-65.760	
113	123.000	-66.688	
113	124.000	-67.911	
113	125.000	-68.417	
113	126.000	-67.467	
113	127.000	-67.819	
113	128.000	-67.978	
113	129.000	-66.907	
113	130.000	-66.705	
113	131.000	-66.274	
113	132.000	-65.686	
113	133.000	-64.607	
113	134.000	-63.462	
113	135.000	-62.808	
113	136.000	-62.969	
113	137.000	-62.124	
113	138.000	-61.249	
113	139.000	-60.623	
113	140.000	-60.049	
113	141.000	-59.808	
113	142.000	-60.093	
113	143.000	-60.708	
113	144.000	-60.664	
113	145.000	-60.368	
113	146.000	-60.201	
113	147.000	-60.131	
113	148.000	-60.536	
113	149.000	-60.683	
113	150.000	-61.759	
113	151.000	-62.312	
113	152.000	-63.139	
113	153.000	-63.700	
113	154.000	-64.297	
113	155.000	-63.917	
113	156.000	-64.474	
113	157.000	-64.521	
113	158.000	-63.766	
113	159.000	-63.284	
113	160.000	-63.164	
113	161.000	-62.301	
113	162.000	-61.379	
113	163.000	-60.604	
113	164.000	-60.438	
113	165.000	-60.022	
113	166.000	-59.016	
113	167.000	-58.006	
113	168.000	-57.421	
113	169.000	-56.870	
113	170.000	-56.663	
113	171.000	-58.170	
113	172.000	-59.816	
113	173.000	-61.149	
113	174.000	-63.026	
113	175.000	-64.095	
113	176.000	-65.115	
113	177.000	-64.833	
113	178.000	-64.520	
113	179.000	-64.215	
113	180.000	-64.217	
113	181.000	-63.974	
113	182.000	-62.905	
113	183.000	-62.391	
113	184.000	-61.726	
113	185.000	-60.815	
113	186.000	-60.205	
113	187.000	-59.655	
113	188.000	-59.267	
113	189.000	-59.581	
113	190.000	-60.662	
113	191.000	-61.132	
113	192.000	-61.109	
113	193.000	-61.490	
113	194.000	-61.800	
113	195.000	-61.818	
113	196.000	-62.367	
113	197.000	-63.310	
113	198.000	-64.503	
113	199.000	-65.522	
113	200.000	-65.096	
113	201.000	-64.924	
113	202.000	-64.307	
113	203.000	-63.637	
113	204.000	-63.116	
113	205.000	-62.610	
113	206.000	-61.900	
113	207.000	-61.147	
113	208.000	-60.835	
113	209.000	-60.781	
113	210.000	-60.086	
113	211.000	-59.752	
113	212.000	-59.620	
113	213.000	-60.440	
113	214.000	-60.833	
113	215.000	-61.711	
113	216.000	-62.103	
113	217.000	-62.246	
113	218.000	-62.033	
113	219.000	-62.144	
113	220.000	-62.114	
113	221.000	-64.109	
113	222.000	-66.579	
113	223.000	-68.761	
113	224.000	-70.572	
113	225.000	-71.428	
113	226.000	-71.256	
113	227.000	-71.043	
113	228.000	-70.609	
113	229.000	-69.878	
113	230.000	-68.803	
113	231.000	-67.430	
113	232.000	-66.486	
113	233.000	-65.688	
113	234.000	-65.517	
113	235.000	-64.773	
113	236.000	-64.000	
113	237.000	-64.445	
113	238.000	-65.058	
113	239.000	-65.891	
113	240.000	-65.572	
113	241.000	-65.136	
113	242.000	-64.690	
113	243.000	-63.790	
113	244.000	-62.711	
113	245.000	-61.200	
113	246.000	-59.696	
113	247.000	-58.575	
113	248.000	-58.164	
113	249.000	-57.514	
113	250.000	-56.989	
113	251.000	-57.028	
113	252.000	-56.601	
113	253.000	-56.848	
113	254.000	-57.932	
113	255.000	-58.442	
113	256.000	-59.374	
113	257.000	-60.567	
113	258.000	-61.150	
113	259.000	-61.180	
113	260.000	-61.028	
113	261.000	-60.391	
113	262.000	-60.722	
113	263.000	-60.532	
113	264.000	-60.301	
113	265.000	-60.376	
113	266.000	-59.740	
113	267.000	-59.237	
113	268.000	-58.479	
113	269.000	-58.038	
113	270.000	-59.044	
113	271.000	-61.626	
113	272.000	-62.700	
113	273.000	-62.981	
113	274.000	-63.966	
113	275.000	-66.130	
113	276.000	-66.786	
113	277.000	-67.648	
113	278.000	-68.126	
113	279.000	-67.340	
113	280.000	-67.283	
113	281.000	-66.132	
113	282.000	-64.576	
113	283.000	-64.664	
113	284.000	-64.719	
113	285.000	-64.333	
113	286.000	-63.274	
113	287.000	-62.692	
113	288.000	-62.264	
113	289.000	-62.422	
113	290.000	-61.794	
113	291.000	-63.226	
113	292.000	-64.348	
113	293.000	-66.106	
113	294.000	-67.335	
113	295.000	-67.562	
113	296.000	-66.492	
113	297.000	-65.913	
113	298.000	-65.669	
113	299.000	-64.802	
113	300.000	-63.694	
113	301.000	-63.250	
113	302.000	-63.643	
113	303.000	-64.435	
113	304.000	-64.371	
113	305.000	-64.188	
113	306.000	-63.437	
113	307.000	-63.906	
113	308.000	-64.870	
113	309.000	-65.884	
113	310.000	-66.174	
113	311.000	-65.737	
113	312.000	-65.750	
113	313.000	-65.630	
113	314.000	-65.508	
113	315.000	-64.428	
113	316.000	-63.697	
113	317.000	-64.063	
113	318.000	-64.642	
113	319.000	-64.669	
113	320.000	-65.147	
113	321.000	-64.529	
113	322.000	-64.114	
113	323.000	-63.994	
113	324.000	-63.297	
113	325.000	-62.621	
113	326.000	-62.474	
113	327.000	-61.677	
113	328.000	-60.571	
113	329.000	-59.539	
113	330.000	-59.097	
113	331.000	-59.637	
113	332.000	-60.889	
113	333.000	-62.045	
113	334.000	-63.657	
113	335.000	-65.177	
113	336.000	-65.017	
113	337.000	-64.503	
113	338.000	-64.379	
113	339.000	-64.133	
113	340.000	-63.280	
113	341.000	-63.817	
113	342.000	-63.837	
113	343.000	-64.340	
113	344.000	-64.116	
113	345.000	-63.627	
113	346.000	-63.831	
113	347.000	-63.714	
113	348.000	-63.713	
113	349.000	-63.301	
113	350.000	-61.984	
113	351.000	-59.760	
113	352.000	-59.127	
113	353.000	-59.511	
113	354.000	-60.547	
113	355.000	-60.996	
113	356.000	-62.201	
113	357.000	-63.461	
113	358.000	-63.808	
113	359.000	-64.518	
113	360.000	-65.440	
113	361.000	-65.904	
113	362.000	-66.425	
113	363.000	-66.681	
113	364.000	-65.945	
113	365.000	-65.119	
113	366.000	-64.183	
113	367.000	-63.911	
113	368.000	-62.840	
113	369.000	-62.286	
113	370.000	-63.281	
113	371.000	-63.396	
113	372.000	-63.137	
113	373.000	-63.961	
113	374.000	-65.603	
113	375.000	-66.342	
113	376.000	-66.121	
113	377.000	-67.581	
113	378.000	-69.186	
113	379.000	-69.904	
113	380.000	-70.363	
113	381.000	-70.378	
113	382.000	-69.119	
113	383.000	-68.427	
113	384.000	-67.135	
113	385.000	-65.913	
113	386.000	-65.246	
113	387.000	-65.378	
113	388.000	-65.171	
113	389.000	-65.005	
113	390.000	-65.249	
113	391.000	-65.240	
113	392.000	-65.009	
113	393.000	-64.408	
113	394.000	-63.951	
113	395.000	-63.968	
113	396.000	-63.568	
113	397.000	-62.723	
113	398.000	-61.915	
113	399.000	-61.469	
113	400.000	-61.032	
113	401.000	-60.967	
113	402.000	-60.946	
113	403.000	-60.710	
113	404.000	-61.304	
113	405.000	-62.352	
113	406.000	-65.129	
113	407.000	-67.315	
113	408.000	-68.272	
113	409.000	-68.821	
113	410.000	-68.829	
113	411.000	-69.257	
113	412.000	-69.093	
113	413.000	-69.316	
113	414.000	-69.154	
113	415.000	-68.770	
113	416.000	-68.069	
113	417.000	-67.448	
113	418.000	-66.525	
113	419.000	-66.153	
113	420.000	-65.299	
113	421.000	-64.628	
113	422.000	-64.157	
113	423.000	-64.746	
113	424.000	-65.207	
113	425.000	-65.150	
113	426.000	-64.085	
113	427.000	-63.518	
113	428.000	-63.253	
113	429.000	-62.834	
113	430.000	-62.236	
113	431.000	-59.940	
113	432.000	-59.337	
113	433.000	-59.045	
113	434.000	-58.709	
113	435.000	-58.692	
113	436.000	-58.236	
113	437.000	-57.825	
113	438.000	-57.326	
113	439.000	-57.656	
113	440.000	-57.862	
113	441.000	-58.126	
113	442.000	-57.572	
113	443.000	-56.982	
113	444.000	-57.052	
113	445.000	-56.090	
113	446.000	-55.838	
113	447.000	-55.190	
113	448.000	-53.847	
113	449.000	-52.998	
113	450.000	-54.305	
113	451.000	-55.946	
113	452.000	-57.229	
113	453.000	-58.494	
113	454.000	-59.339	
113	455.000	-60.441	
113	456.000	-61.519	
113	457.000	-62.553	
113	458.000	-62.884	
113	459.000	-62.967	
113	460.000	-62.557	
113	461.000	-62.445	
113	462.000	-62.417	
113	463.000	-62.167	
113	464.000	-61.340	
113	465.000	-60.787	
113	466.000	-60.980	
113	467.000	-62.272	
113	468.000	-65.100	
113	469.000	-67.574	
113	470.000	-69.251	
113	471.000	-69.537	
113	472.000	-69.222	
113	473.000	-69.247	
113	474.000	-69.368	
113	475.000	-69.871	
113	476.000	-70.760	
113	477.000	-70.699	
113	478.000	-70.861	
113	479.000	-69.657	
113	480.000	-69.680	
113	481.000	-69.137	
113	482.000	-69.342	
113	483.000	-68.020	
113	484.000	-66.941	
113	485.000	-66.081	
113	486.000	-65.087	
113	487.000	-63.967	
113	488.000	-63.539	
113	489.000	-62.733	
113	490.000	-62.502	
113	491.000	-63.045	
113	492.000	-63.237	
113	493.000	-63.420	
113	494.000	-63.113	
113	495.000	-62.985	
113	496.000	-63.099	
113	497.000	-62.047	
113	498.000	-61.021	
113	499.000	-61.041	
113	500.000	-61.414	
113	501.000	-62.224	
113	502.000	-61.811	
113	503.000	-61.921	
113	504.000	-62.408	
113	505.000	-61.803	
113	506.000	-61.502	
113	507.000	-61.353	
113	508.000	-60.433	
113	509.000	-59.659	
113	510.000	-58.479	
113	511.000	-57.915	
113	512.000	-59.155	
113	513.000	-60.439	
113	514.000	-61.000	
113	515.000	-61.655	
113	516.000	-61.586	
113	517.000	-61.043	
113	518.000	-61.013	
113	519.000	-60.832	
113	520.000	-60.096	
113	521.000	-60.381	
113	522.000	-60.515	
113	523.000	-61.196	
113	524.000	-61.253	
113	525.000	-61.616	
113	526.000	-61.551	
113	527.000	-62.153	
113	528.000	-63.164	
113	529.000	-64.862	
113	530.000	-65.442	
113	531.000	-65.985	
113	532.000	-65.960	
113	533.000	-66.703	
113	534.000	-67.314	
113	535.000	-67.644	
113	536.000	-67.161	
113	537.000	-66.817	
113	538.000	-66.231	
113	539.000	-66.609	
113	540.000	-66.409	
113	541.000	-66.111	
113	542.000	-65.109	
113	543.000	-63.421	
113	544.000	-62.505	
113	545.000	-61.916	
113	546.000	-61.217	
113	547.000	-60.705	
113	548.000	-59.766	
113	549.000	-59.318	
113	550.000	-58.590	
113	551.000	-58.727	
113	552.000	-57.481	
113	553.000	-56.552	
113	554.000	-56.729	
113	555.000	-56.421	
113	556.000	-55.819	
113	557.000	-55.779	
113	558.000	-55.610	
113	559.000	-54.330	
113	560.000	-54.652	
113	561.000	-53.935	
113	562.000	-53.680	
113	563.000	-53.999	
113	564.000	-53.926	
113	565.000	-53.759	
113	566.000	-53.688	
113	567.000	-52.310	
113	568.000	-52.516	
113	569.000	-52.971	
113	570.000	-52.432	
113	571.000	-52.172	
113	572.000	-51.954	
113	573.000	-51.807	
113	574.000	-52.041	
113	575.000	-52.369	
113	576.000	-52.813	
113	577.000	-54.625	
113	578.000	-56.266	
113	579.000	-58.018	
113	580.000	-60.347	
113	581.000	-62.836	
113	582.000	-64.797	
113	583.000	-66.303	
113	584.000	-66.642	
113	585.000	-66.343	
113	586.000	-66.272	
113	587.000	-65.551	
113	588.000	-65.414	
113	589.000	-63.405	
113	590.000	-62.238	
113	591.000	-62.249	
113	592.000	-61.038	
113	593.000	-60.228	
113	594.000	-59.750	
113	595.000	-59.284	
113	596.000	-60.316	
113	597.000	-61.617	
113	598.000	-62.736	
113	599.000	-62.905	
113	600.000	-63.611	
113	601.000	-64.180	
113	602.000	-64.533	
113	603.000	-64.857	
113	604.000	-64.809	
113	605.000	-65.429	
113	606.000	-65.347	
113	607.000	-64.488	
113	608.000	-63.332	
113	609.000	-62.618	
113	610.000	-61.967	
113	611.000	-62.248	
113	612.000	-61.991	
113	613.000	-62.418	
113	614.000	-63.156	
113	615.000	-63.654	
113	616.000	-65.014	
113	617.000	-65.703	
113	618.000	-65.778	
113	619.000	-65.761	
113	620.000	-64.957	
113	621.000	-64.584	
113	622.000	-63.966	
113	623.000	-63.145	
113	624.000	-62.401	
113	625.000	-61.385	
113	626.000	-61.194	
113	627.000	-62.048	
113	628.000	-62.777	
113	629.000	-62.930	
113	630.000	-62.924	
113	631.000	-63.215	
113	632.000	-63.099	
113	633.000	-62.068	
113	634.000	-61.617	
113	635.000	-61.399	
113	636.000	-61.411	
113	637.000	-60.862	
113	638.000	-60.272	
113	639.000	-60.047	
113	640.000	-60.123	
113	641.000	-59.521	
113	642.000	-58.798	
113	643.000	-58.430	
113	644.000	-57.964	
113	645.000	-58.574	
113	646.000	-59.210	
113	647.000	-60.024	
113	648.000	-61.033	
113	649.000	-60.910	
113	650.000	-60.749	
113	651.000	-59.802	
113	652.000	-58.389	
113	653.000	-57.753	
113	654.000	-57.908	
113	655.000	-57.433	
113	656.000	-56.626	
113	657.000	-56.446	
113	658.000	-56.177	
113	659.000	-55.857	
113	660.000	-55.726	
113	661.000	-56.003	
113	662.000	-55.534	
113	663.000	-55.513	
113	664.000	-55.393	
113	665.000	-55.928	
113	666.000	-56.909	
113	667.000	-58.983	
113	668.000	-60.520	
113	669.000	-62.469	
113	670.000	-63.906	
113	671.000	-65.221	
113	672.000	-65.776	
113	673.000	-65.934	
113	674.000	-65.472	
113	675.000	-64.130	
113	676.000	-64.582	
113	677.000	-65.029	
113	678.000	-65.107	
113	679.000	-64.498	
113	680.000	-64.295	
113	681.000	-64.060	
113	682.000	-63.660	
113	683.000	-63.626	
113	684.000	-63.519	
113	685.000	-62.327	
113	686.000	-61.783	
113	687.000	-60.875	
113	688.000	-60.557	
113	689.000	-60.412	
113	690.000	-60.650	
113	691.000	-60.103	
113	692.000	-59.825	
113	693.000	-59.445	
113	694.000	-59.718	
113	695.000	-59.282	
113	696.000	-60.552	
113	697.000	-62.555	
113	698.000	-64.847	
113	699.000	-66.849	
113	700.000	-69.187	
113	701.000	-69.911	
113	702.000	-70.461	
113	703.000	-70.584	
113	704.000	-70.334	
113	705.000	-69.226	
113	706.000	-67.561	
113	707.000	-67.094	
113	708.000	-66.387	
113	709.000	-65.071	
113	710.000	-64.014	
113	711.000	-62.681	
113	712.000	-62.471	
113	713.000	-61.761	
113	714.000	-61.405	
113	715.000	-61.133	
113	716.000	-61.440	
113	717.000	-61.945	
113	718.000	-62.300	
113	719.000	-61.740	
113	720.000	-61.207	
113	721.000	-61.152	
113	722.000	-61.503	
113	723.000	-61.785	
113	724.000	-61.477	
113	725.000	-60.931	
113	726.000	-60.513	
113	727.000	-60.509	
113	728.000	-59.808	
113	729.000	-60.218	
113	730.000	-60.428	
113	731.000	-61.552	
113	732.000	-63.592	
113	733.000	-65.570	
113	734.000	-66.990	
113	735.000	-66.678	
113	736.000	-65.488	
113	737.000	-65.719	
113	738.000	-65.698	
113	739.000	-64.871	
113	740.000	-64.187	
113	741.000	-63.087	
113	742.000	-62.543	
113	743.000	-61.594	
113	744.000	-61.172	
113	745.000	-60.221	
113	746.000	-59.719	
113	747.000	-59.082	
113	748.000	-58.788	
113	749.000	-58.087	
113	750.000	-57.221	
113	751.000	-56.981	
113	752.000	-56.686	
113	753.000	-56.414	
113	754.000	-57.025	
113	755.000	-57.983	
113	756.000	-59.263	
113	757.000	-59.414	
113	758.000	-59.291	
113	759.000	-60.297	
113	760.000	-60.966	
113	761.000	-62.518	
113	762.000	-62.893	
113	763.000	-63.194	
113	764.000	-63.395	
113	765.000	-62.160	
113	766.000	-61.347	
113	767.000	-60.849	
113	768.000	-60.377	
113	769.000	-60.726	
113	770.000	-60.937	
113	771.000	-61.733	
113	772.000	-62.045	
113	773.000	-62.224	
113	774.000	-62.065	
113	775.000	-61.657	
113	776.000	-61.619	
113	777.000	-62.348	
113	778.000	-62.342	
113	779.000	-61.832	
113	780.000	-61.433	
113	781.000	-61.176	
113	782.000	-60.628	
113	783.000	-59.766	
113	784.000	-59.118	
113	785.000	-58.978	
113	786.000	-58.677	
113	787.000	-58.603	
113	788.000	-58.095	
113	789.000	-57.957	
113	790.000	-58.539	
113	791.000	-59.355	
113	792.000	-59.729	
113	793.000	-60.141	
113	794.000	-59.469	
113	795.000	-59.335	
113	796.000	-58.745	
113	797.000	-58.101	
113	798.000	-59.092	
113	799.000	-60.494	
113	800.000	-61.857	
113	801.000	-63.381	
113	802.000	-64.600	
113	803.000	-64.999	
113	804.000	-64.855	
113	805.000	-64.759	
113	806.000	-63.866	
113	807.000	-63.407	
113	808.000	-62.419	
113	809.000	-62.118	
113	810.000	-62.394	
113	811.000	-62.495	
113	812.000	-62.789	
113	813.000	-63.491	
113	814.000	-63.405	
113	815.000	-61.779	
113	816.000	-61.017	
113	817.000	-60.706	
113	818.000	-60.630	
113	819.000	-60.443	
113	820.000	-61.043	
113	821.000	-61.981	
113	822.000	-62.384	
113	823.000	-62.297	
113	824.000	-62.239	
113	825.000	-62.047	
113	826.000	-61.674	
113	827.000	-61.680	
113	828.000	-61.701	
113	829.000	-60.753	
113	830.000	-61.356	
113	831.000	-62.296	
113	832.000	-62.417	
113	833.000	-62.472	
113	834.000	-61.355	
113	835.000	-60.983	
113	836.000	-59.954	
113	837.000	-58.965	
113	838.000	-58.490	
113	839.000	-57.848	
113	840.000	-57.026	
113	841.000	-57.178	
113	842.000	-58.946	
113	843.000	-61.659	
113	844.000	-63.839	
113	845.000	-65.241	
113	846.000	-66.362	
113	847.000	-67.167	
113	848.000	-67.085	
113	849.000	-66.110	
113	850.000	-66.747	
113	851.000	-66.301	
113	852.000	-65.519	
113	853.000	-65.119	
113	854.000	-64.215	
113	855.000	-63.665	
113	856.000	-63.174	
113	857.000	-62.111	
113	858.000	-61.371	
113	859.000	-60.533	
113	860.000	-59.953	
113	861.000	-59.117	
113	862.000	-58.845	
113	863.000	-58.797	
113	864.000	-58.537	
113	865.000	-58.473	
113	866.000	-58.282	
113	867.000	-60.505	
113	868.000	-62.044	
113	869.000	-63.202	
113	870.000	-63.792	
113	871.000	-64.522	
113	872.000	-65.259	
113	873.000	-65.218	
113	874.000	-65.699	
113	875.000	-65.687	
113	876.000	-65.608	
113	877.000	-65.002	
113	878.000	-65.032	
113	879.000	-64.942	
113	880.000	-65.086	
113	881.000	-64.200	
113	882.000	-63.485	
113	883.000	-63.670	
113	884.000	-63.426	
113	885.000	-63.713	
113	886.000	-64.038	
113	887.000	-64.255	
113	888.000	-64.845	
113	889.000	-64.718	
113	890.000	-64.863	
113	891.000	-64.764	
113	892.000	-63.981	
113	893.000	-63.618	
113	894.000	-62.488	
113	895.000	-62.969	
113	896.000	-64.149	
113	897.000	-64.531	
113	898.000	-64.307	
113	899.000	-63.565	
113	900.000	-63.497	
113	901.000	-62.135	
113	902.000	-61.880	
113	903.000	-62.198	
113	904.000	-62.970	
113	905.000	-63.729	
113	906.000	-63.504	
113	907.000	-64.293	
113	908.000	-65.436	
113	909.000	-65.751	
113	910.000	-65.112	
113	911.000	-66.018	
113	912.000	-66.653	
113	913.000	-66.407	
113	914.000	-66.045	
113	915.000	-66.306	
113	916.000	-66.456	
113	917.000	-66.762	
113	918.000	-65.117	
113	919.000	-63.993	
113	920.000	-64.500	
113	921.000	-64.667	
113	922.000	-65.048	
113	923.000	-64.848	
113	924.000	-66.376	
113	925.000	-67.824	
113	926.000	-67.682	
113	927.000	-67.592	
113	928.000	-66.883	
113	929.000	-66.573	
113	930.000	-67.285	
113	931.000	-67.315	
113	932.000	-66.174	
113	933.000	-65.658	
113	934.000	-64.603	
113	935.000	-64.052	
113	936.000	-63.892	
113	937.000	-64.494	
113	938.000	-64.475	
113	939.000	-63.990	
113	940.000	-63.827	
113	941.000	-63.302	
113	942.000	-62.058	
113	943.000	-61.653	
113	944.000	-60.750	
113	945.000	-60.239	
113	946.000	-60.099	
113	947.000	-59.446	
113	948.000	-58.655	
113	949.000	-58.604	
113	950.000	-58.036	
113	951.000	-57.571	
113	952.000	-57.510	
113	953.000	-58.618	
113	954.000	-60.201	
113	955.000	-60.862	
113	956.000	-61.616	
113	957.000	-62.003	
113	958.000	-62.417	
113	959.000	-62.279	
113	960.000	-61.190	
113	961.000	-60.029	
113	962.000	-59.775	
113	963.000	-60.885	
113	964.000	-62.266	
113	965.000	-64.033	
113	966.000	-64.176	
113	967.000	-64.791	
113	968.000	-65.065	
113	969.000	-65.012	
113	970.000	-64.084	
113	971.000	-64.385	
113	972.000	-63.889	
113	973.000	-63.520	
113	974.000	-63.001	
113	975.000	-62.571	
113	976.000	-62.496	
113	977.000	-63.286	
113	978.000	-63.787	
113	979.000	-64.861	
113	980.000	-65.107	
113	981.000	-65.647	
113	982.000	-66.024	
113	983.000	-65.551	
113	984.000	-64.762	
113	985.000	-65.258	
113	986.000	-66.335	
113	987.000	-67.185	
113	988.000	-68.202	
113	989.000	-67.974	
113	990.000	-68.142	
113	991.000	-67.677	
113	992.000	-67.495	
113	993.000	-67.094	
113	994.000	-66.898	
113	995.000	-65.741	
113	996.000	-64.858	
113	997.000	-63.980	
113	998.000	-63.590	
113	999.000	-63.523	
113	1000.000	-63.245	
113	1001.000	-62.816	
113	1002.000	-62.068	
113	1003.000	-61.793	
113	1004.000	-62.727	
113	1005.000	-62.773	
113	1006.000	-63.083	
113	1007.000	-64.160	
113	1008.000	-65.743	
113	1009.000	-66.293	
113	1010.000	-65.806	
113	1011.000	-65.998	
113	1012.000	-66.006	
113	1013.000	-65.302	
113	1014.000	-64.803	
113	1015.000	-63.231	
113	1016.000	-61.735	
113	1017.000	-61.067	
113	1018.000	-60.604	
113	1019.000	-60.397	
113	1020.000	-60.125	
113	1021.000	-59.172	
113	1022.000	-57.846	
113	1023.000	-57.470	
113	1024.000	-57.445	
113	1025.000	-56.909	
113	1026.000	-56.817	
113	1027.000	-55.548	
113	1028.000	-55.322	
113	1029.000	-55.419	
113	1030.000	-55.150	
113	1031.000	-55.029	
113	1032.000	-54.702	
113	1033.000	-54.664	
113	1034.000	-54.863	
113	1035.000	-54.614	
113	1036.000	-54.895	
113	1037.000	-54.339	
113	1038.000	-54.844	
113	1039.000	-55.313	
113	1040.000	-55.329	
113	1041.000	-55.459	
113	1042.000	-55.041	
113	1043.000	-54.740	
113	1044.000	-56.705	
113	1045.000	-57.461	
113	1046.000	-59.308	
113	1047.000	-62.025	
113	1048.000	-64.104	
113	1049.000	-65.716	
113	1050.000	-67.208	
113	1051.000	-67.301	
113	1052.000	-67.581	
113	1053.000	-68.688	
113	1054.000	-68.477	
113	1055.000	-68.469	
113	1056.000	-68.511	
113	1057.000	-68.900	
113	1058.000	-68.839	
113	1059.000	-68.683	
113	1060.000	-68.964	
113	1061.000	-69.623	
113	1062.000	-70.986	
113	1063.000	-71.980	
113	1064.000	-72.222	
113	1065.000	-72.048	
113	1066.000	-71.527	
113	1067.000	-71.189	
113	1068.000	-70.064	
113	1069.000	-68.856	
113	1070.000	-68.319	
113	1071.000	-68.091	
113	1072.000	-66.987	
113	1073.000	-65.307	
113	1074.000	-63.167	
113	1075.000	-61.819	
113	1076.000	-61.205	
113	1077.000	-61.182	
113	1078.000	-60.248	
113	1079.000	-59.316	
113	1080.000	-58.986	
113	1081.000	-59.800	
113	1082.000	-60.561	
113	1083.000	-61.584	
113	1084.000	-63.628	
113	1085.000	-65.155	
113	1086.000	-66.206	
113	1087.000	-66.970	
113	1088.000	-67.397	
113	1089.000	-67.567	
113	1090.000	-67.929	
113	1091.000	-68.894	
113	1092.000	-70.110	
113	1093.000	-70.137	
113	1094.000	-70.191	
113	1095.000	-70.625	
113	1096.000	-70.149	
113	1097.000	-69.154	
113	1098.000	-68.576	
113	1099.000	-68.370	
113	1100.000	-67.821	
113	1101.000	-66.417	
113	1102.000	-66.728	
113	1103.000	-66.912	
113	1104.000	-67.254	
113	1105.000	-68.024	
113	1106.000	-67.753	
113	1107.000	-68.120	
113	1108.000	-69.646	
113	1109.000	-70.812	
113	1110.000	-71.470	
113	1111.000	-70.900	
113	1112.000	-70.632	
113	1113.000	-70.543	
113	1114.000	-70.520	
113	1115.000	-70.726	
113	1116.000	-71.216	
113	1117.000	-71.353	
113	1118.000	-71.045	
113	1119.000	-70.019	
113	1120.000	-68.714	
113	1121.000	-67.228	
113	1122.000	-65.992	
113	1123.000	-65.084	
113	1124.000	-65.099	
113	1125.000	-64.242	
113	1126.000	-63.910	
113	1127.000	-63.309	
113	1128.000	-63.191	
113	1129.000	-61.558	
113	1130.000	-61.069	
113	1131.000	-59.934	
113	1132.000	-60.101	
113	1133.000	-60.367	
113	1134.000	-60.956	
113	1135.000	-61.195	
113	1136.000	-62.276	
113	1137.000	-63.069	
113	1138.000	-63.821	
113	1139.000	-64.087	
113	1140.000	-64.042	
113	1141.000	-65.196	
113	1142.000	-65.962	
113	1143.000	-66.764	
113	1144.000	-67.797	
113	1145.000	-67.835	
113	1146.000	-67.803	
113	1147.000	-67.538	
113	1148.000	-66.800	
113	1149.000	-66.003	
113	1150.000	-65.086	
113	1151.000	-63.259	
113	1152.000	-62.590	
113	1153.000	-62.324	
113	1154.000	-61.734	
113	1155.000	-60.999	
113	1156.000	-60.201	
113	1157.000	-60.593	
113	1158.000	-60.718	
113	1159.000	-61.584	
113	1160.000	-61.261	
113	1161.000	-62.177	
113	1162.000	-62.313	
113	1163.000	-61.906	
113	1164.000	-61.897	
113	1165.000	-61.124	
113	1166.000	-59.434	
113	1167.000	-58.831	
113	1168.000	-58.410	
113	1169.000	-58.868	
113	1170.000	-58.724	
113	1171.000	-57.440	
113	1172.000	-57.381	
113	1173.000	-57.477	
113	1174.000	-56.917	
113	1175.000	-56.437	
113	1176.000	-56.787	
113	1177.000	-57.204	
113	1178.000	-58.022	
113	1179.000	-59.529	
113	1180.000	-61.707	
113	1181.000	-62.705	
113	1182.000	-63.134	
113	1183.000	-63.424	
113	1184.000	-63.257	
113	1185.000	-63.857	
113	1186.000	-63.889	
113	1187.000	-63.489	
113	1188.000	-62.547	
113	1189.000	-62.069	
113	1190.000	-61.669	
113	1191.000	-60.513	
113	1192.000	-59.699	
113	1193.000	-58.594	
113	1194.000	-57.529	
113	1195.000	-57.102	
113	1196.000	-56.356	
113	1197.000	-55.704	
113	1198.000	-56.872	
113	1199.000	-57.543	
113	1200.000	-58.564	
113	1201.000	-59.372	
113	1202.000	-59.842	
113	1203.000	-59.516	
113	1204.000	-59.549	
113	1205.000	-59.158	
113	1206.000	-58.854	
113	1207.000	-58.235	
113	1208.000	-57.220	
113	1209.000	-58.489	
113	1210.000	-60.104	
113	1211.000	-60.704	
113	1212.000	-61.195	
113	1213.000	-61.529	
113	1214.000	-61.484	
113	1215.000	-60.593	
113	1216.000	-60.386	
113	1217.000	-59.851	
113	1218.000	-59.589	
113	1219.000	-58.473	
113	1220.000	-58.072	
113	1221.000	-59.025	
113	1222.000	-59.800	
113	1223.000	-61.281	
113	1224.000	-61.708	
113	1225.000	-62.874	
113	1226.000	-63.202	
113	1227.000	-62.598	
113	1228.000	-62.370	
113	1229.000	-62.590	
113	1230.000	-62.353	
113	1231.000	-60.883	
113	1232.000	-60.281	
113	1233.000	-60.038	
113	1234.000	-59.766	
113	1235.000	-59.313	
113	1236.000	-58.792	
113	1237.000	-58.283	
113	1238.000	-58.014	
113	1239.000	-57.158	
113	1240.000	-56.614	
113	1241.000	-56.422	
113	1242.000	-55.540	
113	1243.000	-54.984	
113	1244.000	-54.765	
113	1245.000	-54.504	
113	1246.000	-53.777	
113	1247.000	-53.715	
113	1248.000	-54.000	
113	1249.000	-53.655	
113	1250.000	-53.946	
113	1251.000	-53.542	
113	1252.000	-54.207	
113	1253.000	-56.126	
113	1254.000	-57.551	
113	1255.000	-58.423	
113	1256.000	-59.382	
113	1257.000	-59.891	
113	1258.000	-60.408	
113	1259.000	-60.858	
113	1260.000	-61.418	
113	1261.000	-62.718	
113	1262.000	-63.219	
113	1263.000	-62.876	
113	1264.000	-63.078	
113	1265.000	-64.047	
113	1266.000	-65.032	
113	1267.000	-65.525	
113	1268.000	-65.217	
113	1269.000	-65.450	
113	1270.000	-64.870	
113	1271.000	-63.062	
113	1272.000	-62.768	
113	1273.000	-62.395	
113	1274.000	-62.198	
113	1275.000	-61.497	
113	1276.000	-59.696	
113	1277.000	-58.807	
113	1278.000	-58.290	
113	1279.000	-57.640	
113	1280.000	-58.451	
113	1281.000	-59.167	
113	1282.000	-60.390	
113	1283.000	-61.119	
113	1284.000	-61.795	
113	1285.000	-60.542	
113	1286.000	-60.474	
113	1287.000	-60.118	
113	1288.000	-60.029	
113	1289.000	-61.193	
113	1290.000	-62.273	
113	1291.000	-62.758	
113	1292.000	-62.911	
113	1293.000	-63.106	
113	1294.000	-63.008	
113	1295.000	-62.928	
113	1296.000	-62.312	
113	1297.000	-64.088	
113	1298.000	-65.789	
113	1299.000	-66.694	
113	1300.000	-66.941	
113	1301.000	-67.588	
113	1302.000	-67.921	
113	1303.000	-68.159	
113	1304.000	-67.969	
113	1305.000	-68.142	
113	1306.000	-67.775	
113	1307.000	-67.794	
113	1308.000	-67.084	
113	1309.000	-65.739	
113	1310.000	-64.891	
113	1311.000	-63.814	
113	1312.000	-62.918	
113	1313.000	-61.755	
113	1314.000	-60.459	
113	1315.000	-59.852	
113	1316.000	-59.774	
113	1317.000	-60.650	
113	1318.000	-61.492	
113	1319.000	-61.411	
113	1320.000	-62.088	
113	1321.000	-62.705	
113	1322.000	-63.439	
113	1323.000	-64.211	
113	1324.000	-64.910	
113	1325.000	-64.579	
113	1326.000	-64.287	
113	1327.000	-64.561	
113	1328.000	-64.584	
113	1329.000	-64.638	
113	1330.000	-64.541	
113	1331.000	-65.197	
113	1332.000	-65.026	
113	1333.000	-65.339	
113	1334.000	-65.469	
113	1335.000	-65.191	
113	1336.000	-65.856	
113	1337.000	-65.730	
113	1338.000	-65.478	
113	1339.000	-64.424	
113	1340.000	-64.103	
113	1341.000	-63.788	
113	1342.000	-64.097	
113	1343.000	-63.113	
113	1344.000	-63.100	
113	1345.000	-62.113	
113	1346.000	-62.184	
113	1347.000	-62.384	
113	1348.000	-63.791	
113	1349.000	-66.162	
113	1350.000	-67.892	
113	1351.000	-68.139	
113	1352.000	-68.366	
113	1353.000	-68.747	
113	1354.000	-68.774	
113	1355.000	-68.438	
113	1356.000	-67.250	
113	1357.000	-66.058	
113	1358.000	-65.340	
113	1359.000	-65.020	
113	1360.000	-64.222	
113	1361.000	-64.283	
113	1362.000	-63.968	
113	1363.000	-62.631	
113	1364.000	-61.643	
113	1365.000	-61.020	
113	1366.000	-61.145	
113	1367.000	-62.115	
113	1368.000	-62.400	
113	1369.000	-63.849	
113	1370.000	-64.505	
113	1371.000	-65.688	
113	1372.000	-66.559	
113	1373.000	-67.195	
113	1374.000	-67.986	
113	1375.000	-68.983	
113	1376.000	-68.864	
113	1377.000	-68.968	
113	1378.000	-68.998	
113	1379.000	-68.470	
113	1380.000	-68.212	
113	1381.000	-68.227	
113	1382.000	-67.907	
113	1383.000	-66.517	
113	1384.000	-65.490	
113	1385.000	-64.538	
113	1386.000	-63.897	
113	1387.000	-63.016	
113	1388.000	-62.253	
113	1389.000	-61.397	
113	1390.000	-60.857	
113	1391.000	-60.391	
113	1392.000	-59.597	
113	1393.000	-59.766	
113	1394.000	-60.644	
113	1395.000	-60.766	
113	1396.000	-60.990	
113	1397.000	-61.080	
113	1398.000	-61.100	
113	1399.000	-61.175	
113	1400.000	-61.307	
113	1401.000	-61.979	
113	1402.000	-61.791	
113	1403.000	-61.685	
113	1404.000	-63.857	
113	1405.000	-65.600	
113	1406.000	-66.442	
113	1407.000	-66.330	
113	1408.000	-66.936	
113	1409.000	-66.830	
113	1410.000	-66.589	
113	1411.000	-66.333	
113	1412.000	-65.473	
113	1413.000	-65.487	
113	1414.000	-65.853	
113	1415.000	-66.205	
113	1416.000	-66.001	
113	1417.000	-66.018	
113	1418.000	-65.812	
113	1419.000	-64.462	
113	1420.000	-63.630	
113	1421.000	-63.089	
113	1422.000	-62.076	
113	1423.000	-60.454	
113	1424.000	-59.963	
113	1425.000	-59.310	
113	1426.000	-57.374	
113	1427.000	-56.815	
113	1428.000	-57.572	
113	1429.000	-58.080	
113	1430.000	-59.077	
113	1431.000	-60.295	
113	1432.000	-60.788	
113	1433.000	-60.344	
113	1434.000	-60.124	
113	1435.000	-59.881	
113	1436.000	-59.440	
113	1437.000	-59.628	
113	1438.000	-59.181	
113	1439.000	-58.856	
113	1440.000	-58.343	
113	1441.000	-58.346	
113	1442.000	-58.392	
113	1443.000	-58.668	
113	1444.000	-59.185	
113	1445.000	-59.584	
113	1446.000	-61.348	
113	1447.000	-63.326	
113	1448.000	-64.542	
113	1449.000	-64.508	
113	1450.000	-63.831	
113	1451.000	-62.753	
113	1452.000	-61.186	
113	1453.000	-59.450	
113	1454.000	-59.686	
113	1455.000	-60.270	
113	1456.000	-62.394	
113	1457.000	-63.659	
113	1458.000	-66.092	
113	1459.000	-69.309	
113	1460.000	-69.745	
113	1461.000	-70.314	
113	1462.000	-71.262	
113	1463.000	-70.756	
113	1464.000	-70.282	
113	1465.000	-69.396	
113	1466.000	-69.116	
113	1467.000	-68.319	
113	1468.000	-67.761	
113	1469.000	-66.674	
113	1470.000	-65.179	
113	1471.000	-64.414	
113	1472.000	-63.580	
113	1473.000	-62.317	
113	1474.000	-61.076	
113	1475.000	-61.807	
113	1476.000	-61.902	
113	1477.000	-61.606	
113	1478.000	-61.718	
113	1479.000	-61.778	
113	1480.000	-62.610	
113	1481.000	-64.398	
113	1482.000	-65.920	
113	1483.000	-67.412	
113	1484.000	-68.221	
113	1485.000	-68.704	
113	1486.000	-68.350	
113	1487.000	-68.872	
113	1488.000	-68.925	
113	1489.000	-69.895	
113	1490.000	-69.937	
113	1491.000	-69.886	
113	1492.000	-68.748	
113	1493.000	-68.036	
113	1494.000	-67.027	
113	1495.000	-66.629	
113	1496.000	-66.027	
113	1497.000	-64.386	
113	1498.000	-63.521	
113	1499.000	-62.941	
113	1500.000	-63.065	
113	1501.000	-63.255	
113	1502.000	-63.682	
113	1503.000	-62.923	
113	1504.000	-61.591	
113	1505.000	-60.440	
113	1506.000	-61.858	
113	1507.000	-63.331	
113	1508.000	-65.005	
113	1509.000	-66.741	
113	1510.000	-66.988	
113	1511.000	-67.631	
113	1512.000	-67.651	
113	1513.000	-67.791	
113	1514.000	-67.360	
113	1515.000	-66.638	
113	1516.000	-65.141	
113	1517.000	-64.139	
113	1518.000	-64.016	
113	1519.000	-63.961	
113	1520.000	-63.007	
113	1521.000	-62.176	
113	1522.000	-61.804	
113	1523.000	-61.136	
113	1524.000	-61.641	
113	1525.000	-62.731	
113	1526.000	-62.759	
113	1527.000	-62.489	
113	1528.000	-62.433	
113	1529.000	-62.780	
113	1530.000	-63.022	
113	1531.000	-64.338	
113	1532.000	-66.760	
113	1533.000	-69.082	
113	1534.000	-70.054	
113	1535.000	-69.697	
113	1536.000	-69.680	
113	1537.000	-68.476	
113	1538.000	-67.942	
113	1539.000	-68.220	
113	1540.000	-68.580	
113	1541.000	-68.453	
113	1542.000	-67.624	
113	1543.000	-66.587	
113	1544.000	-66.358	
113	1545.000	-66.387	
113	1546.000	-66.270	
113	1547.000	-65.343	
113	1548.000	-64.301	
113	1549.000	-62.351	
113	1550.000	-60.961	
113	1551.000	-59.864	
113	1552.000	-58.576	
113	1553.000	-57.895	
113	1554.000	-57.248	
113	1555.000	-57.169	
113	1556.000	-57.536	
113	1557.000	-57.813	
113	1558.000	-58.474	
113	1559.000	-59.468	
113	1560.000	-61.839	
113	1561.000	-64.004	
113	1562.000	-65.624	
113	1563.000	-66.713	
113	1564.000	-68.491	
113	1565.000	-69.301	
113	1566.000	-68.951	
113	1567.000	-68.888	
113	1568.000	-67.459	
113	1569.000	-66.213	
113	1570.000	-65.276	
113	1571.000	-64.279	
113	1572.000	-64.164	
113	1573.000	-63.398	
113	1574.000	-62.888	
113	1575.000	-62.762	
113	1576.000	-62.098	
113	1577.000	-62.231	
113	1578.000	-62.389	
113	1579.000	-61.684	
113	1580.000	-61.274	
113	1581.000	-61.127	
113	1582.000	-61.868	
113	1583.000	-62.323	
113	1584.000	-63.754	
113	1585.000	-65.090	
113	1586.000	-66.627	
113	1587.000	-67.173	
113	1588.000	-67.556	
113	1589.000	-67.460	
113	1590.000	-67.456	
113	1591.000	-66.781	
113	1592.000	-66.639	
113	1593.000	-65.898	
113	1594.000	-65.881	
113	1595.000	-64.897	
113	1596.000	-64.796	
113	1597.000	-62.979	
113	1598.000	-61.256	
113	1599.000	-60.835	
113	1600.000	-60.910	
113	1601.000	-59.738	
113	1602.000	-59.887	
113	1603.000	-60.946	
113	1604.000	-61.804	
113	1605.000	-62.135	
113	1606.000	-61.877	
113	1607.000	-61.053	
113	1608.000	-60.627	
113	1609.000	-60.727	
113	1610.000	-60.323	
113	1611.000	-60.503	
113	1612.000	-60.650	
113	1613.000	-60.782	
113	1614.000	-60.975	
113	1615.000	-61.292	
113	1616.000	-60.922	
113	1617.000	-60.255	
113	1618.000	-59.974	
113	1619.000	-59.157	
113	1620.000	-58.421	
113	1621.000	-57.785	
113	1622.000	-57.510	
113	1623.000	-57.021	
113	1624.000	-56.700	
113	1625.000	-57.289	
113	1626.000	-57.014	
113	1627.000	-56.842	
113	1628.000	-56.642	
113	1629.000	-56.628	
113	1630.000	-56.032	
113	1631.000	-55.560	
113	1632.000	-55.397	
113	1633.000	-55.271	
113	1634.000	-56.350	
113	1635.000	-57.250	
113	1636.000	-57.800	
113	1637.000	-57.787	
113	1638.000	-58.297	
113	1639.000	-57.825	
113	1640.000	-57.596	
113	1641.000	-57.938	
113	1642.000	-57.788	
113	1643.000	-56.968	
113	1644.000	-56.811	
113	1645.000	-56.973	
113	1646.000	-56.707	
113	1647.000	-55.876	
113	1648.000	-56.088	
113	1649.000	-55.882	
113	1650.000	-55.711	
113	1651.000	-55.370	
113	1652.000	-55.583	
113	1653.000	-56.598	
113	1654.000	-57.579	
113	1655.000	-58.355	
113	1656.000	-59.761	
113	1657.000	-60.599	
113	1658.000	-61.746	
113	1659.000	-62.538	
113	1660.000	-63.212	
113	1661.000	-64.087	
113	1662.000	-64.735	
113	1663.000	-65.468	
113	1664.000	-65.382	
113	1665.000	-65.353	
113	1666.000	-65.566	
113	1667.000	-65.129	
113	1668.000	-64.264	
113	1669.000	-63.052	
113	1670.000	-62.936	
113	1671.000	-63.436	
113	1672.000	-63.351	
113	1673.000	-63.287	
113	1674.000	-62.537	
113	1675.000	-62.280	
113	1676.000	-61.977	
113	1677.000	-61.872	
113	1678.000	-60.750	
113	1679.000	-59.366	
113	1680.000	-59.234	
113	1681.000	-59.388	
113	1682.000	-60.252	
113	1683.000	-60.874	
113	1684.000	-61.185	
113	1685.000	-63.078	
113	1686.000	-64.229	
113	1687.000	-65.191	
113	1688.000	-66.302	
113	1689.000	-67.939	
113	1690.000	-69.029	
113	1691.000	-69.475	
113	1692.000	-69.234	
113	1693.000	-67.658	
113	1694.000	-66.667	
113	1695.000	-66.547	
113	1696.000	-66.334	
113	1697.000	-66.685	
113	1698.000	-66.545	
113	1699.000	-65.389	
113	1700.000	-64.840	
113	1701.000	-64.671	
113	1702.000	-64.386	
113	1703.000	-64.017	
113	1704.000	-63.044	
113	1705.000	-62.353	
113	1706.000	-61.659	
113	1707.000	-61.576	
113	1708.000	-61.705	
113	1709.000	-62.413	
113	1710.000	-63.339	
113	1711.000	-63.074	
113	1712.000	-62.943	
113	1713.000	-63.955	
113	1714.000	-64.977	
113	1715.000	-65.802	
113	1716.000	-66.778	
113	1717.000	-67.742	
113	1718.000	-68.345	
113	1719.000	-67.694	
113	1720.000	-66.681	
113	1721.000	-66.636	
113	1722.000	-65.464	
113	1723.000	-65.195	
113	1724.000	-64.057	
113	1725.000	-62.966	
113	1726.000	-62.156	
113	1727.000	-61.675	
113	1728.000	-60.664	
113	1729.000	-60.249	
113	1730.000	-59.679	
113	1731.000	-59.205	
113	1732.000	-59.261	
113	1733.000	-59.111	
113	1734.000	-60.170	
113	1735.000	-61.598	
113	1736.000	-63.771	
113	1737.000	-66.526	
113	1738.000	-68.226	
113	1739.000	-69.177	
113	1740.000	-68.983	
113	1741.000	-69.318	
113	1742.000	-68.857	
113	1743.000	-67.709	
113	1744.000	-67.288	
113	1745.000	-66.717	
113	1746.000	-64.489	
113	1747.000	-63.448	
113	1748.000	-63.036	
113	1749.000	-62.617	
113	1750.000	-61.682	
113	1751.000	-60.875	
113	1752.000	-60.853	
113	1753.000	-60.244	
113	1754.000	-60.082	
113	1755.000	-59.853	
113	1756.000	-59.407	
113	1757.000	-59.690	
113	1758.000	-60.932	
113	1759.000	-62.303	
113	1760.000	-62.907	
113	1761.000	-63.434	
113	1762.000	-65.026	
113	1763.000	-67.053	
113	1764.000	-69.189	
113	1765.000	-71.117	
113	1766.000	-72.088	
113	1767.000	-72.446	
113	1768.000	-72.359	
113	1769.000	-72.404	
113	1770.000	-72.296	
113	1771.000	-71.693	
113	1772.000	-71.268	
113	1773.000	-69.957	
113	1774.000	-69.521	
113	1775.000	-68.915	
113	1776.000	-68.079	
113	1777.000	-66.897	
113	1778.000	-66.251	
113	1779.000	-65.565	
113	1780.000	-65.092	
113	1781.000	-64.423	
113	1782.000	-63.833	
113	1783.000	-63.524	
113	1784.000	-63.021	
113	1785.000	-61.928	
113	1786.000	-60.790	
113	1787.000	-59.971	
113	1788.000	-59.661	
113	1789.000	-60.257	
113	1790.000	-61.044	
113	1791.000	-61.521	
113	1792.000	-61.652	
113	1793.000	-61.607	
113	1794.000	-62.270	
113	1795.000	-64.287	
113	1796.000	-65.219	
113	1797.000	-65.836	
113	1798.000	-66.813	
113	1799.000	-67.575	
113	1800.000	-67.426	
113	1801.000	-67.163	
113	1802.000	-67.098	
113	1803.000	-67.298	
113	1804.000	-66.459	
113	1805.000	-65.983	
113	1806.000	-65.075	
113	1807.000	-64.460	
113	1808.000	-64.320	
113	1809.000	-64.051	
113	1810.000	-63.441	
113	1811.000	-61.988	
113	1812.000	-60.995	
113	1813.000	-60.310	
113	1814.000	-59.853	
113	1815.000	-60.922	
113	1816.000	-62.702	
113	1817.000	-64.434	
113	1818.000	-66.474	
113	1819.000	-68.152	
113	1820.000	-68.913	
113	1821.000	-70.703	
113	1822.000	-70.837	
113	1823.000	-71.246	
113	1824.000	-71.156	
113	1825.000	-70.127	
113	1826.000	-69.657	
113	1827.000	-69.060	
113	1828.000	-67.964	
113	1829.000	-67.027	
113	1830.000	-66.564	
113	1831.000	-66.042	
113	1832.000	-64.502	
113	1833.000	-63.543	
113	1834.000	-62.184	
113	1835.000	-61.450	
113	1836.000	-60.077	
113	1837.000	-58.894	
113	1838.000	-58.457	
113	1839.000	-58.048	
113	1840.000	-57.558	
113	1841.000	-56.958	
113	1842.000	-56.517	
113	1843.000	-55.436	
113	1844.000	-54.633	
113	1845.000	-53.842	
113	1846.000	-54.145	
113	1847.000	-54.594	
113	1848.000	-54.469	
113	1849.000	-53.982	
113	1850.000	-54.478	
113	1851.000	-54.957	
113	1852.000	-54.583	
113	1853.000	-54.620	
113	1854.000	-56.730	
113	1855.000	-58.445	
113	1856.000	-59.942	
113	1857.000	-60.574	
113	1858.000	-61.587	
113	1859.000	-62.210	
113	1860.000	-62.298	
113	1861.000	-61.862	
113	1862.000	-61.737	
113	1863.000	-62.212	
113	1864.000	-62.600	
113	1865.000	-64.332	
113	1866.000	-66.746	
113	1867.000	-68.170	
113	1868.000	-69.110	
113	1869.000	-70.070	
113	1870.000	-70.823	
113	1871.000	-70.241	
113	1872.000	-69.509	
113	1873.000	-69.790	
113	1874.000	-70.090	
113	1875.000	-70.090	
113	1876.000	-70.318	
113	1877.000	-69.285	
113	1878.000	-68.393	
113	1879.000	-67.598	
113	1880.000	-66.845	
113	1881.000	-66.482	
113	1882.000	-66.618	
113	1883.000	-66.342	
113	1884.000	-65.372	
113	1885.000	-65.584	
113	1886.000	-66.904	
113	1887.000	-67.865	
113	1888.000	-68.702	
113	1889.000	-68.750	
113	1890.000	-68.619	
113	1891.000	-68.811	
113	1892.000	-68.577	
113	1893.000	-67.510	
113	1894.000	-67.245	
113	1895.000	-67.544	
113	1896.000	-66.997	
113	1897.000	-65.939	
113	1898.000	-63.783	
113	1899.000	-63.536	
113	1900.000	-63.216	
113	1901.000	-63.328	
113	1902.000	-63.937	
113	1903.000	-64.296	
113	1904.000	-64.415	
113	1905.000	-64.044	
113	1906.000	-63.208	
113	1907.000	-61.427	
113	1908.000	-61.004	
113	1909.000	-60.903	
113	1910.000	-60.368	
113	1911.000	-59.971	
113	1912.000	-60.578	
113	1913.000	-61.236	
113	1914.000	-61.469	
113	1915.000	-61.997	
113	1916.000	-62.364	
113	1917.000	-62.018	
113	1918.000	-61.623	
113	1919.000	-61.681	
113	1920.000	-60.948	
113	1921.000	-60.032	
113	1922.000	-59.190	
113	1923.000	-58.615	
113	1924.000	-58.744	
113	1925.000	-59.871	
113	1926.000	-60.845	
113	1927.000	-60.850	
113	1928.000	-61.558	
113	1929.000	-61.965	
113	1930.000	-62.109	
113	1931.000	-62.288	
113	1932.000	-61.636	
113	1933.000	-61.706	
113	1934.000	-61.153	
113	1935.000	-60.823	
113	1936.000	-61.057	
113	1937.000	-61.183	
113	1938.000	-61.602	
113	1939.000	-61.595	
113	1940.000	-62.756	
113	1941.000	-64.254	
113	1942.000	-64.691	
113	1943.000	-65.147	
113	1944.000	-65.117	
113	1945.000	-65.804	
113	1946.000	-66.315	
113	1947.000	-67.056	
113	1948.000	-66.568	
113	1949.000	-66.349	
113	1950.000	-66.183	
113	1951.000	-66.025	
113	1952.000	-64.686	
113	1953.000	-63.925	
113	1954.000	-63.374	
113	1955.000	-63.156	
113	1956.000	-62.170	
113	1957.000	-60.774	
113	1958.000	-60.121	
113	1959.000	-59.485	
113	1960.000	-58.693	
113	1961.000	-58.425	
113	1962.000	-59.321	
113	1963.000	-61.533	
113	1964.000	-63.536	
113	1965.000	-64.665	
113	1966.000	-65.309	
113	1967.000	-64.767	
113	1968.000	-64.973	
113	1969.000	-65.035	
113	1970.000	-64.398	
113	1971.000	-63.914	
113	1972.000	-63.529	
113	1973.000	-63.265	
113	1974.000	-62.742	
113	1975.000	-61.940	
113	1976.000	-61.776	
113	1977.000	-61.181	
113	1978.000	-60.091	
113	1979.000	-59.966	
113	1980.000	-58.905	
113	1981.000	-57.790	
113	1982.000	-57.088	
113	1983.000	-55.812	
113	1984.000	-55.678	
113	1985.000	-55.170	
113	1986.000	-53.855	
113	1987.000	-53.670	
113	1988.000	-54.069	
113	1989.000	-54.633	
113	1990.000	-56.284	
113	1991.000	-57.742	
113	1992.000	-59.111	
113	1993.000	-60.161	
113	1994.000	-59.636	
113	1995.000	-59.600	
113	1996.000	-59.198	
113	1997.000	-58.984	
113	1998.000	-58.757	
113	1999.000	-58.232	
