96	1.000	-70.000	
96	2.000	-69.712	
96	3.000	-68.141	
96	4.000	-66.956	
96	5.000	-64.236	
96	6.000	-63.210	
96	7.000	-62.404	
96	8.000	-62.295	
96	9.000	-62.389	
96	10.000	-61.046	
96	11.000	-60.179	
96	12.000	-59.800	
96	13.000	-59.267	
96	14.000	-58.475	
96	15.000	-58.321	
96	16.000	-58.274	
96	17.000	-57.753	
96	18.000	-57.598	
96	19.000	-58.110	
96	20.000	-57.850	
96	21.000	-57.860	
96	22.000	-58.038	
96	23.000	-58.478	
96	24.000	-60.046	
96	25.000	-61.980	
96	26.000	-64.067	
96	27.000	-65.681	
96	28.000	-65.721	
96	29.000	-65.767	
96	30.000	-65.571	
96	31.000	-65.181	
96	32.000	-65.267	
96	33.000	-64.487	
96	34.000	-63.294	
96	35.000	-62.775	
96	36.000	-62.363	
96	37.000	-62.362	
96	38.000	-62.313	
96	39.000	-61.503	
96	40.000	-60.785	
96	41.000	-60.158	
96	42.000	-59.696	
96	43.000	-59.273	
96	44.000	-58.527	
96	45.000	-58.730	
96	46.000	-58.537	
96	47.000	-58.258	
96	48.000	-57.254	
96	49.000	-56.501	
96	50.000	-56.029	
96	51.000	-55.874	
96	52.000	-55.541	
96	53.000	-56.231	
96	54.000	-56.636	
96	55.000	-57.013	
96	56.000	-58.230	
96	57.000	-58.544	
96	58.000	-58.922	
96	59.000	-59.366	
96	60.000	-59.000	
96	61.000	-58.455	
96	62.000	-58.354	
96	63.000	-58.386	
96	64.000	-58.035	
96	65.000	-57.415	
96	66.000	-57.512	
96	67.000	-56.676	
96	68.000	-56.307	
96	69.000	-55.755	
96	70.000	-55.740	
96	71.000	-55.692	
96	72.000	-55.679	
96	73.000	-55.323	
96	74.000	-54.979	
96	75.000	-56.229	
96	76.000	-57.323	
96	77.000	-58.097	
96	78.000	-58.529	
96	79.000	-60.298	
96	80.000	-60.840	
96	81.000	-61.630	
96	82.000	-62.555	
96	83.000	-62.946	
96	84.000	-64.265	
96	85.000	-64.598	
96	86.000	-64.891	
96	87.000	-64.301	
96	88.000	-63.796	
96	89.000	-63.504	
96	90.000	-62.573	
96	91.000	-61.924	
96	92.000	-61.646	
96	93.000	-60.524	
96	94.000	-59.116	
96	95.000	-58.049	
96	96.000	-57.412	
96	97.000	-57.374	
96	98.000	-57.480	
96	99.000	-56.757	
96	100.000	-56.022	
96	101.000	-57.222	
96	102.000	-60.312	
96	103.000	-62.683	
96	104.000	-64.455	
96	105.000	-65.265	
96	106.000	-64.904	
96	107.000	-65.043	
96	108.000	-64.756	
96	109.000	-64.491	
96	110.000	-64.075	
96	111.000	-63.372	
96	112.000	-62.746	
96	113.000	-61.542	
96	114.000	-61.166	
96	115.000	-61.337	
96	116.000	-61.105	
96	117.000	-61.089	
96	118.000	-60.490	
96	119.000	-60.118	
96	120.000	-60.534	
96	121.000	-61.068	
96	122.000	-61.482	
96	123.000	-62.240	
96	124.000	-63.781	
96	125.000	-65.065	
96	126.000	-65.607	
96	127.000	-65.369	
96	128.000	-64.706	
96	129.000	-64.596	
96	130.000	-63.893	
96	131.000	-63.188	
96	132.000	-62.050	
96	133.000	-61.284	
96	134.000	-60.016	
96	135.000	-59.151	
96	136.000	-58.886	
96	137.000	-58.784	
96	138.000	-58.438	
96	139.000	-58.645	
96	140.000	-59.154	
96	141.000	-60.175	
96	142.000	-60.416	
96	143.000	-60.791	
96	144.000	-61.318	
96	145.000	-62.811	
96	146.000	-64.570	
96	147.000	-66.693	
96	148.000	-67.935	
96	149.000	-68.289	
96	150.000	-69.020	
96	151.000	-68.446	
96	152.000	-67.419	
96	153.000	-67.285	
96	154.000	-67.661	
96	155.000	-68.173	
96	156.000	-67.090	
96	157.000	-66.939	
96	158.000	-66.523	
96	159.000	-65.883	
96	160.000	-64.938	
96	161.000	-65.045	
96	162.000	-64.344	
96	163.000	-63.794	
96	164.000	-63.315	
96	165.000	-63.288	
96	166.000	-62.467	
96	167.000	-60.234	
96	168.000	-59.304	
96	169.000	-59.293	
96	170.000	-58.756	
96	171.000	-58.067	
96	172.000	-58.100	
96	173.000	-57.617	
96	174.000	-57.697	
96	175.000	-57.348	
96	176.000	-57.141	
96	177.000	-57.483	
96	178.000	-56.712	
96	179.000	-56.439	
96	180.000	-55.452	
96	181.000	-55.616	
96	182.000	-55.676	
96	183.000	-55.419	
96	184.000	-55.005	
96	185.000	-54.112	
96	186.000	-54.212	
96	187.000	-53.798	
96	188.000	-53.930	
96	189.000	-54.213	
96	190.000	-56.116	
96	191.000	-57.647	
96	192.000	-58.632	
96	193.000	-58.833	
96	194.000	-57.964	
96	195.000	-57.659	
96	196.000	-57.487	
96	197.000	-57.749	
96	198.000	-58.154	
96	199.000	-58.455	
96	200.000	-58.160	
96	201.000	-57.993	
96	202.000	-57.893	
96	203.000	-58.980	
96	204.000	-59.181	
96	205.000	-60.134	
96	206.000	-61.107	
96	207.000	-60.733	
96	208.000	-60.442	
96	209.000	-60.351	
96	210.000	-60.476	
96	211.000	-60.260	
96	212.000	-59.086	
96	213.000	-58.641	
96	214.000	-58.372	
96	215.000	-57.708	
96	216.000	-57.717	
96	217.000	-57.503	
96	218.000	-58.147	
96	219.000	-59.378	
96	220.000	-60.342	
96	221.000	-60.755	
96	222.000	-62.584	
96	223.000	-66.079	
96	224.000	-68.441	
96	225.000	-68.992	
96	226.000	-69.754	
96	227.000	-69.061	
96	228.000	-67.654	
96	229.000	-67.665	
96	230.000	-68.080	
96	231.000	-68.012	
96	232.000	-68.729	
96	233.000	-69.024	
96	234.000	-69.302	
96	235.000	-69.546	
96	236.000	-69.727	
96	237.000	-68.760	
96	238.000	-68.188	
96	239.000	-68.492	
96	240.000	-68.561	
96	241.000	-67.512	
96	242.000	-66.930	
96	243.000	-65.902	
96	244.000	-64.929	
96	245.000	-63.485	
96	246.000	-61.613	
96	247.000	-60.815	
96	248.000	-60.646	
96	249.000	-60.845	
96	250.000	-61.794	
96	251.000	-64.476	
96	252.000	-65.454	
96	253.000	-66.444	
96	254.000	-66.947	
96	255.000	-66.933	
96	256.000	-67.032	
96	257.000	-66.276	
96	258.000	-66.152	
96	259.000	-64.965	
96	260.000	-64.320	
96	261.000	-63.822	
96	262.000	-63.083	
96	263.000	-62.527	
96	264.000	-62.296	
96	265.000	-61.738	
96	266.000	-61.931	
96	267.000	-61.791	
96	268.000	-61.472	
96	269.000	-61.651	
96	270.000	-60.848	
96	271.000	-60.185	
96	272.000	-59.955	
96	273.000	-61.892	
96	274.000	-63.609	
96	275.000	-65.212	
96	276.000	-66.025	
96	277.000	-66.854	
96	278.000	-67.720	
96	279.000	-68.772	
96	280.000	-69.493	
96	281.000	-69.352	
96	282.000	-69.446	
96	283.000	-68.863	
96	284.000	-68.760	
96	285.000	-67.627	
96	286.000	-67.170	
96	287.000	-66.241	
96	288.000	-65.458	
96	289.000	-64.407	
96	290.000	-63.663	
96	291.000	-62.334	
96	292.000	-60.749	
96	293.000	-59.854	
96	294.000	-58.711	
96	295.000	-58.965	
96	296.000	-59.689	
96	297.000	-60.776	
96	298.000	-60.736	
96	299.000	-60.921	
96	300.000	-60.883	
96	301.000	-61.936	
96	302.000	-63.543	
96	303.000	-66.323	
96	304.000	-69.023	
96	305.000	-69.931	
96	306.000	-71.060	
96	307.000	-70.670	
96	308.000	-70.213	
96	309.000	-70.064	
96	310.000	-69.549	
96	311.000	-69.580	
96	312.000	-68.501	
96	313.000	-67.580	
96	314.000	-65.495	
96	315.000	-64.716	
96	316.000	-63.563	
96	317.000	-63.496	
96	318.000	-63.280	
96	319.000	-63.338	
96	320.000	-63.772	
96	321.000	-63.919	
96	322.000	-64.235	
96	323.000	-64.406	
96	324.000	-64.391	
96	325.000	-64.625	
96	326.000	-64.656	
96	327.000	-65.104	
96	328.000	-66.281	
96	329.000	-69.236	
96	330.000	-70.901	
96	331.000	-71.089	
96	332.000	-70.894	
96	333.000	-71.274	
96	334.000	-71.804	
96	335.000	-71.968	
96	336.000	-70.557	
96	337.000	-69.991	
96	338.000	-68.691	
96	339.000	-68.003	
96	340.000	-67.579	
96	341.000	-67.996	
96	342.000	-68.007	
96	343.000	-67.871	
96	344.000	-67.693	
96	345.000	-67.723	
96	346.000	-66.782	
96	347.000	-65.824	
96	348.000	-66.018	
96	349.000	-65.168	
96	350.000	-64.398	
96	351.000	-63.103	
96	352.000	-62.073	
96	353.000	-61.333	
96	354.000	-61.690	
96	355.000	-61.958	
96	356.000	-62.656	
96	357.000	-63.226	
96	358.000	-63.215	
96	359.000	-63.620	
96	360.000	-63.775	
96	361.000	-63.204	
96	362.000	-63.247	
96	363.000	-62.792	
96	364.000	-62.563	
96	365.000	-62.599	
96	366.000	-62.094	
96	367.000	-61.604	
96	368.000	-60.992	
96	369.000	-60.034	
96	370.000	-59.321	
96	371.000	-59.143	
96	372.000	-57.860	
96	373.000	-57.059	
96	374.000	-57.030	
96	375.000	-57.469	
96	376.000	-57.567	
96	377.000	-56.854	
96	378.000	-57.737	
96	379.000	-58.524	
96	380.000	-60.593	
96	381.000	-61.702	
96	382.000	-63.052	
96	383.000	-64.595	
96	384.000	-64.935	
96	385.000	-65.027	
96	386.000	-65.099	
96	387.000	-63.882	
96	388.000	-63.059	
96	389.000	-62.345	
96	390.000	-61.807	
96	391.000	-62.542	
96	392.000	-62.956	
96	393.000	-63.423	
96	394.000	-63.260	
96	395.000	-63.059	
96	396.000	-62.596	
96	397.000	-62.334	
96	398.000	-62.329	
96	399.000	-62.065	
96	400.000	-61.876	
96	401.000	-62.282	
96	402.000	-62.202	
96	403.000	-61.942	
96	404.000	-62.212	
96	405.000	-61.930	
96	406.000	-61.575	
96	407.000	-61.772	
96	408.000	-62.599	
96	409.000	-63.912	
96	410.000	-64.533	
96	411.000	-65.216	
96	412.000	-65.205	
96	413.000	-65.296	
96	414.000	-64.826	
96	415.000	-65.004	
96	416.000	-65.034	
96	417.000	-64.475	
96	418.000	-63.762	
96	419.000	-63.103	
96	420.000	-62.682	
96	421.000	-62.077	
96	422.000	-62.283	
96	423.000	-63.040	
96	424.000	-64.225	
96	425.000	-64.269	
96	426.000	-64.420	
96	427.000	-64.342	
96	428.000	-64.614	
96	429.000	-64.192	
96	430.000	-63.788	
96	431.000	-63.649	
96	432.000	-63.913	
96	433.000	-62.983	
96	434.000	-62.489	
96	435.000	-61.171	
96	436.000	-61.139	
96	437.000	-60.195	
96	438.000	-59.667	
96	439.000	-59.457	
96	440.000	-59.353	
96	441.000	-59.063	
96	442.000	-58.971	
96	443.000	-58.498	
96	444.000	-57.770	
96	445.000	-57.025	
96	446.000	-56.047	
96	447.000	-55.666	
96	448.000	-55.609	
96	449.000	-55.558	
96	450.000	-56.780	
96	451.000	-58.166	
96	452.000	-59.274	
96	453.000	-59.148	
96	454.000	-59.922	
96	455.000	-61.957	
96	456.000	-62.802	
96	457.000	-63.551	
96	458.000	-63.988	
96	459.000	-64.833	
96	460.000	-64.205	
96	461.000	-65.000	
96	462.000	-66.302	
96	463.000	-66.833	
96	464.000	-67.045	
96	465.000	-67.046	
96	466.000	-66.986	
96	467.000	-67.082	
96	468.000	-66.969	
96	469.000	-68.098	
96	470.000	-67.938	
96	471.000	-67.420	
96	472.000	-66.649	
96	473.000	-66.973	
96	474.000	-68.041	
96	475.000	-68.432	
96	476.000	-69.510	
96	477.000	-69.331	
96	478.000	-69.291	
96	479.000	-68.450	
96	480.000	-66.284	
96	481.000	-65.472	
96	482.000	-65.036	
96	483.000	-64.223	
96	484.000	-63.614	
96	485.000	-63.203	
96	486.000	-62.490	
96	487.000	-62.126	
96	488.000	-60.820	
96	489.000	-61.369	
96	490.000	-63.505	
96	491.000	-65.761	
96	492.000	-67.601	
96	493.000	-68.140	
96	494.000	-68.430	
96	495.000	-68.217	
96	496.000	-67.799	
96	497.000	-66.575	
96	498.000	-66.182	
96	499.000	-66.561	
96	500.000	-66.711	
96	501.000	-65.931	
96	502.000	-66.348	
96	503.000	-67.189	
96	504.000	-67.431	
96	505.000	-67.196	
96	506.000	-66.603	
96	507.000	-66.774	
96	508.000	-66.170	
96	509.000	-65.302	
96	510.000	-64.766	
96	511.000	-64.539	
96	512.000	-63.882	
96	513.000	-63.256	
96	514.000	-62.933	
96	515.000	-62.755	
96	516.000	-63.247	
96	517.000	-64.068	
96	518.000	-64.085	
96	519.000	-63.889	
96	520.000	-63.426	
96	521.000	-63.449	
96	522.000	-63.379	
96	523.000	-63.530	
96	524.000	-63.089	
96	525.000	-63.145	
96	526.000	-63.838	
96	527.000	-63.563	
96	528.000	-62.671	
96	529.000	-62.628	
96	530.000	-62.830	
96	531.000	-63.135	
96	532.000	-63.121	
96	533.000	-63.506	
96	534.000	-63.471	
96	535.000	-62.915	
96	536.000	-62.451	
96	537.000	-62.016	
96	538.000	-62.888	
96	539.000	-62.175	
96	540.000	-62.396	
96	541.000	-62.680	
96	542.000	-63.078	
96	543.000	-62.190	
96	544.000	-61.856	
96	545.000	-61.154	
96	546.000	-60.492	
96	547.000	-59.723	
96	548.000	-59.075	
96	549.000	-58.310	
96	550.000	-58.316	
96	551.000	-57.825	
96	552.000	-59.153	
96	553.000	-61.364	
96	554.000	-62.905	
96	555.000	-64.251	
96	556.000	-65.329	
96	557.000	-66.122	
96	558.000	-67.173	
96	559.000	-67.507	
96	560.000	-67.653	
96	561.000	-67.277	
96	562.000	-67.121	
96	563.000	-67.056	
96	564.000	-66.079	
96	565.000	-65.043	
96	566.000	-65.004	
96	567.000	-64.489	
96	568.000	-63.987	
96	569.000	-63.477	
96	570.000	-63.197	
96	571.000	-62.059	
96	572.000	-60.570	
96	573.000	-59.591	
96	574.000	-59.099	
96	575.000	-58.714	
96	576.000	-59.155	
96	577.000	-58.842	
96	578.000	-58.671	
96	579.000	-58.255	
96	580.000	-57.797	
96	581.000	-56.858	
96	582.000	-56.333	
96	583.000	-56.245	
96	584.000	-56.363	
96	585.000	-56.143	
96	586.000	-56.527	
96	587.000	-56.451	
96	588.000	-56.439	
96	589.000	-56.430	
96	590.000	-56.979	
96	591.000	-56.067	
96	592.000	-56.022	
96	593.000	-56.722	
96	594.000	-57.936	
96	595.000	-59.333	
96	596.000	-60.539	
96	597.000	-61.479	
96	598.000	-62.294	
96	599.000	-63.022	
96	600.000	-63.264	
96	601.000	-63.458	
96	602.000	-63.956	
96	603.000	-64.086	
96	604.000	-64.957	
96	605.000	-64.670	
96	606.000	-63.265	
96	607.000	-63.309	
96	608.000	-62.885	
96	609.000	-62.679	
96	610.000	-62.515	
96	611.000	-61.598	
96	612.000	-60.666	
96	613.000	-60.572	
96	614.000	-60.175	
96	615.000	-59.393	
96	616.000	-59.392	
96	617.000	-59.276	
96	618.000	-58.866	
96	619.000	-58.840	
96	620.000	-59.007	
96	621.000	-58.290	
96	622.000	-59.061	
96	623.000	-60.698	
96	624.000	-62.191	
96	625.000	-62.132	
96	626.000	-61.954	
96	627.000	-61.921	
96	628.000	-61.671	
96	629.000	-61.121	
96	630.000	-60.686	
96	631.000	-60.574	
96	632.000	-61.022	
96	633.000	-60.120	
96	634.000	-59.578	
96	635.000	-58.570	
96	636.000	-58.016	
96	637.000	-57.576	
96	638.000	-57.297	
96	639.000	-58.195	
96	640.000	-59.381	
96	641.000	-60.456	
96	642.000	-61.393	
96	643.000	-61.117	
96	644.000	-61.209	
96	645.000	-61.187	
96	646.000	-62.384	
96	647.000	-62.341	
96	648.000	-62.840	
96	649.000	-63.743	
96	650.000	-63.615	
96	651.000	-63.554	
96	652.000	-63.235	
96	653.000	-62.988	
96	654.000	-62.418	
96	655.000	-62.238	
96	656.000	-61.632	
96	657.000	-61.590	
96	658.000	-62.152	
96	659.000	-62.489	
96	660.000	-62.530	
96	661.000	-62.708	
96	662.000	-63.452	
96	663.000	-64.214	
96	664.000	-64.498	
96	665.000	-64.591	
96	666.000	-66.001	
96	667.000	-66.685	
96	668.000	-68.090	
96	669.000	-68.806	
96	670.000	-69.445	
96	671.000	-69.034	
96	672.000	-69.528	
96	673.000	-68.484	
96	674.000	-68.331	
96	675.000	-67.542	
96	676.000	-67.084	
96	677.000	-65.838	
96	678.000	-65.008	
96	679.000	-65.451	
96	680.000	-66.059	
96	681.000	-65.881	
96	682.000	-66.518	
96	683.000	-66.612	
96	684.000	-67.417	
96	685.000	-68.002	
96	686.000	-69.036	
96	687.000	-69.632	
96	688.000	-69.789	
96	689.000	-69.087	
96	690.000	-69.185	
96	691.000	-68.923	
96	692.000	-67.908	
96	693.000	-66.273	
96	694.000	-65.318	
96	695.000	-64.659	
96	696.000	-62.610	
96	697.000	-61.366	
96	698.000	-60.640	
96	699.000	-61.204	
96	700.000	-61.884	
96	701.000	-61.830	
96	702.000	-62.445	
96	703.000	-62.532	
96	704.000	-62.114	
96	705.000	-62.609	
96	706.000	-61.993	
96	707.000	-60.942	
96	708.000	-60.435	
96	709.000	-59.929	
96	710.000	-59.450	
96	711.000	-58.952	
96	712.000	-58.479	
96	713.000	-57.603	
96	714.000	-56.797	
96	715.000	-56.241	
96	716.000	-57.207	
96	717.000	-58.448	
96	718.000	-59.984	
96	719.000	-61.088	
96	720.000	-62.428	
96	721.000	-62.178	
96	722.000	-62.437	
96	723.000	-63.183	
96	724.000	-63.399	
96	725.000	-62.685	
96	726.000	-62.347	
96	727.000	-61.859	
96	728.000	-61.539	
96	729.000	-62.351	
96	730.000	-63.279	
96	731.000	-64.286	
96	732.000	-64.394	
96	733.000	-63.713	
96	734.000	-64.632	
96	735.000	-64.419	
96	736.000	-64.539	
96	737.000	-64.641	
96	738.000	-65.033	
96	739.000	-64.955	
96	740.000	-65.711	
96	741.000	-65.814	
96	742.000	-65.056	
96	743.000	-64.225	
96	744.000	-63.457	
96	745.000	-63.027	
96	746.000	-64.468	
96	747.000	-65.003	
96	748.000	-65.940	
96	749.000	-66.655	
96	750.000	-67.049	
96	751.000	-66.923	
96	752.000	-67.330	
96	753.000	-66.597	
96	754.000	-66.393	
96	755.000	-65.209	
96	756.000	-64.692	
96	757.000	-64.031	
96	758.000	-63.379	
96	759.000	-63.505	
96	760.000	-64.325	
96	761.000	-64.017	
96	762.000	-63.410	
96	763.000	-63.563	
96	764.000	-63.038	
96	765.000	-62.441	
96	766.000	-62.289	
96	767.000	-62.151	
96	768.000	-61.770	
96	769.000	-60.459	
96	770.000	-58.839	
96	771.000	-58.518	
96	772.000	-57.337	
96	773.000	-56.692	
96	774.000	-56.090	
96	775.000	-55.909	
96	776.000	-54.902	
96	777.000	-55.335	
96	778.000	-56.056	
96	779.000	-57.048	
96	780.000	-58.280	
96	781.000	-60.404	
96	782.000	-62.402	
96	783.000	-63.673	
96	784.000	-64.919	
96	785.000	-65.803	
96	786.000	-66.139	
96	787.000	-67.194	
96	788.000	-68.066	
96	789.000	-68.498	
96	790.000	-68.299	
96	791.000	-67.526	
96	792.000	-66.751	
96	793.000	-66.596	
96	794.000	-66.344	
96	795.000	-65.282	
96	796.000	-65.304	
96	797.000	-65.397	
96	798.000	-64.871	
96	799.000	-64.614	
96	800.000	-64.422	
96	801.000	-63.610	
96	802.000	-62.357	
96	803.000	-62.184	
96	804.000	-61.843	
96	805.000	-62.684	
96	806.000	-64.045	
96	807.000	-65.209	
96	808.000	-65.665	
96	809.000	-66.386	
96	810.000	-66.481	
96	811.000	-65.703	
96	812.000	-64.621	
96	813.000	-64.617	
96	814.000	-65.188	
96	815.000	-65.810	
96	816.000	-66.741	
96	817.000	-66.956	
96	818.000	-67.837	
96	819.000	-68.206	
96	820.000	-69.190	
96	821.000	-70.422	
96	822.000	-71.152	
96	823.000	-71.369	
96	824.000	-70.475	
96	825.000	-70.158	
96	826.000	-69.570	
96	827.000	-69.052	
96	828.000	-67.835	
96	829.000	-67.838	
96	830.000	-67.035	
96	831.000	-65.976	
96	832.000	-64.730	
96	833.000	-63.809	
96	834.000	-62.526	
96	835.000	-61.331	
96	836.000	-60.536	
96	837.000	-60.005	
96	838.000	-60.085	
96	839.000	-60.144	
96	840.000	-60.858	
96	841.000	-60.878	
96	842.000	-61.677	
96	843.000	-62.934	
96	844.000	-64.119	
96	845.000	-65.067	
96	846.000	-65.387	
96	847.000	-66.365	
96	848.000	-66.746	
96	849.000	-66.210	
96	850.000	-65.659	
96	851.000	-65.394	
96	852.000	-64.751	
96	853.000	-63.842	
96	854.000	-63.526	
96	855.000	-63.428	
96	856.000	-63.101	
96	857.000	-62.851	
96	858.000	-62.966	
96	859.000	-63.345	
96	860.000	-62.928	
96	861.000	-62.626	
96	862.000	-61.964	
96	863.000	-61.701	
96	864.000	-61.143	
96	865.000	-61.155	
96	866.000	-61.560	
96	867.000	-61.083	
96	868.000	-60.911	
96	869.000	-61.470	
96	870.000	-61.490	
96	871.000	-60.832	
96	872.000	-60.299	
96	873.000	-59.492	
96	874.000	-58.019	
96	875.000	-57.211	
96	876.000	-56.704	
96	877.000	-56.386	
96	878.000	-55.813	
96	879.000	-56.147	
96	880.000	-56.209	
96	881.000	-56.224	
96	882.000	-55.379	
96	883.000	-56.730	
96	884.000	-59.155	
96	885.000	-62.279	
96	886.000	-64.998	
96	887.000	-67.161	
96	888.000	-67.818	
96	889.000	-68.429	
96	890.000	-68.270	
96	891.000	-68.052	
96	892.000	-67.286	
96	893.000	-67.227	
96	894.000	-68.594	
96	895.000	-68.937	
96	896.000	-68.973	
96	897.000	-69.170	
96	898.000	-68.127	
96	899.000	-67.235	
96	900.000	-66.918	
96	901.000	-66.403	
96	902.000	-65.878	
96	903.000	-64.697	
96	904.000	-64.791	
96	905.000	-64.177	
96	906.000	-63.878	
96	907.000	-63.159	
96	908.000	-63.518	
96	909.000	-64.355	
96	910.000	-64.474	
96	911.000	-64.011	
96	912.000	-63.290	
96	913.000	-62.648	
96	914.000	-62.402	
96	915.000	-61.710	
96	916.000	-61.384	
96	917.000	-61.659	
96	918.000	-61.922	
96	919.000	-63.049	
96	920.000	-63.836	
96	921.000	-64.743	
96	922.000	-64.206	
96	923.000	-64.311	
96	924.000	-63.581	
96	925.000	-63.368	
96	926.000	-63.880	
96	927.000	-63.926	
96	928.000	-64.521	
96	929.000	-64.773	
96	930.000	-65.164	
96	931.000	-65.814	
96	932.000	-65.769	
96	933.000	-65.740	
96	934.000	-65.645	
96	935.000	-65.089	
96	936.000	-64.145	
96	937.000	-63.173	
96	938.000	-63.538	
96	939.000	-64.863	
96	940.000	-66.102	
96	941.000	-66.134	
96	942.000	-66.429	
96	943.000	-67.549	
96	944.000	-69.213	
96	945.000	-69.730	
96	946.000	-69.483	
96	947.000	-69.130	
96	948.000	-69.070	
96	949.000	-68.555	
96	950.000	-68.317	
96	951.000	-68.482	
96	952.000	-68.051	
96	953.000	-67.610	
96	954.000	-67.680	
96	955.000	-67.287	
96	956.000	-67.143	
96	957.000	-66.214	
96	958.000	-65.979	
96	959.000	-66.177	
96	960.000	-65.637	
96	961.000	-63.895	
96	962.000	-63.477	
96	963.000	-63.801	
96	964.000	-64.167	
96	965.000	-63.564	
96	966.000	-64.062	
96	967.000	-64.159	
96	968.000	-64.373	
96	969.000	-64.308	
96	970.000	-64.359	
96	971.000	-64.373	
96	972.000	-63.918	
96	973.000	-63.820	
96	974.000	-63.094	
96	975.000	-62.167	
96	976.000	-61.004	
96	977.000	-61.167	
96	978.000	-60.704	
96	979.000	-59.864	
96	980.000	-59.287	
96	981.000	-58.997	
96	982.000	-58.866	
96	983.000	-58.596	
96	984.000	-58.281	
96	985.000	-57.309	
96	986.000	-58.086	
96	987.000	-60.309	
96	988.000	-63.395	
96	989.000	-65.354	
96	990.000	-66.859	
96	991.000	-67.590	
96	992.000	-67.458	
96	993.000	-67.230	
96	994.000	-66.842	
96	995.000	-67.375	
96	996.000	-67.501	
96	997.000	-68.235	
96	998.000	-69.458	
96	999.000	-69.923	
96	1000.000	-70.175	
96	1001.000	-70.095	
96	1002.000	-69.508	
96	1003.000	-69.337	
96	1004.000	-68.665	
96	1005.000	-67.527	
96	1006.000	-66.736	
96	1007.000	-66.785	
96	1008.000	-66.291	
96	1009.000	-66.090	
96	1010.000	-66.020	
96	1011.000	-65.328	
96	1012.000	-64.536	
96	1013.000	-64.358	
96	1014.000	-64.721	
96	1015.000	-66.082	
96	1016.000	-67.280	
96	1017.000	-66.656	
96	1018.000	-66.116	
96	1019.000	-65.364	
96	1020.000	-65.071	
96	1021.000	-64.068	
96	1022.000	-64.197	
96	1023.000	-64.073	
96	1024.000	-63.289	
96	1025.000	-62.763	
96	1026.000	-61.916	
96	1027.000	-61.847	
96	1028.000	-62.151	
96	1029.000	-62.904	
96	1030.000	-62.261	
96	1031.000	-62.267	
96	1032.000	-61.876	
96	1033.000	-61.618	
96	1034.000	-62.639	
96	1035.000	-63.855	
96	1036.000	-64.103	
96	1037.000	-64.091	
96	1038.000	-65.073	
96	1039.000	-65.046	
96	1040.000	-64.533	
96	1041.000	-64.427	
96	1042.000	-62.473	
96	1043.000	-62.075	
96	1044.000	-61.826	
96	1045.000	-61.703	
96	1046.000	-62.150	
96	1047.000	-63.162	
96	1048.000	-64.320	
96	1049.000	-65.304	
96	1050.000	-65.979	
96	1051.000	-65.931	
96	1052.000	-65.337	
96	1053.000	-64.939	
96	1054.000	-65.236	
96	1055.000	-65.721	
96	1056.000	-66.604	
96	1057.000	-66.423	
96	1058.000	-65.487	
96	1059.000	-65.321	
96	1060.000	-66.018	
96	1061.000	-65.732	
96	1062.000	-66.404	
96	1063.000	-66.572	
96	1064.000	-67.121	
96	1065.000	-66.904	
96	1066.000	-66.708	
96	1067.000	-66.296	
96	1068.000	-65.611	
96	1069.000	-65.609	
96	1070.000	-65.757	
96	1071.000	-66.134	
96	1072.000	-65.441	
96	1073.000	-64.118	
96	1074.000	-63.419	
96	1075.000	-62.774	
96	1076.000	-62.241	
96	1077.000	-62.718	
96	1078.000	-64.444	
96	1079.000	-65.567	
96	1080.000	-67.063	
96	1081.000	-66.944	
96	1082.000	-67.739	
96	1083.000	-68.966	
96	1084.000	-70.206	
96	1085.000	-70.322	
96	1086.000	-70.917	
96	1087.000	-70.542	
96	1088.000	-69.732	
96	1089.000	-69.070	
96	1090.000	-69.209	
96	1091.000	-68.710	
96	1092.000	-67.919	
96	1093.000	-68.099	
96	1094.000	-67.313	
96	1095.000	-66.494	
96	1096.000	-66.403	
96	1097.000	-65.272	
96	1098.000	-63.784	
96	1099.000	-63.295	
96	1100.000	-62.161	
96	1101.000	-61.804	
96	1102.000	-61.719	
96	1103.000	-62.979	
96	1104.000	-64.373	
96	1105.000	-66.756	
96	1106.000	-68.478	
96	1107.000	-68.551	
96	1108.000	-69.286	
96	1109.000	-68.654	
96	1110.000	-68.074	
96	1111.000	-67.431	
96	1112.000	-66.511	
96	1113.000	-65.514	
96	1114.000	-64.685	
96	1115.000	-63.730	
96	1116.000	-63.248	
96	1117.000	-63.079	
96	1118.000	-63.024	
96	1119.000	-62.407	
96	1120.000	-63.031	
96	1121.000	-62.601	
96	1122.000	-61.463	
96	1123.000	-61.144	
96	1124.000	-60.637	
96	1125.000	-59.963	
96	1126.000	-60.268	
96	1127.000	-60.192	
96	1128.000	-59.607	
96	1129.000	-59.433	
96	1130.000	-58.282	
96	1131.000	-57.756	
96	1132.000	-57.540	
96	1133.000	-57.953	
96	1134.000	-58.155	
96	1135.000	-58.722	
96	1136.000	-60.750	
96	1137.000	-63.597	
96	1138.000	-64.484	
96	1139.000	-65.749	
96	1140.000	-65.905	
96	1141.000	-66.540	
96	1142.000	-67.095	
96	1143.000	-67.103	
96	1144.000	-67.227	
96	1145.000	-67.072	
96	1146.000	-67.228	
96	1147.000	-66.730	
96	1148.000	-65.535	
96	1149.000	-64.541	
96	1150.000	-63.920	
96	1151.000	-62.700	
96	1152.000	-62.144	
96	1153.000	-61.379	
96	1154.000	-60.641	
96	1155.000	-59.682	
96	1156.000	-58.595	
96	1157.000	-58.126	
96	1158.000	-57.900	
96	1159.000	-57.014	
96	1160.000	-57.145	
96	1161.000	-56.928	
96	1162.000	-57.025	
96	1163.000	-56.691	
96	1164.000	-56.558	
96	1165.000	-55.600	
96	1166.000	-54.598	
96	1167.000	-54.088	
96	1168.000	-53.206	
96	1169.000	-53.131	
96	1170.000	-54.065	
96	1171.000	-55.683	
96	1172.000	-57.177	
96	1173.000	-58.565	
96	1174.000	-59.597	
96	1175.000	-60.320	
96	1176.000	-59.837	
96	1177.000	-59.224	
96	1178.000	-59.099	
96	1179.000	-59.843	
96	1180.000	-60.612	
96	1181.000	-61.465	
96	1182.000	-61.719	
96	1183.000	-62.230	
96	1184.000	-62.645	
96	1185.000	-63.001	
96	1186.000	-62.853	
96	1187.000	-62.114	
96	1188.000	-61.591	
96	1189.000	-61.435	
96	1190.000	-60.714	
96	1191.000	-59.795	
96	1192.000	-59.336	
96	1193.000	-58.629	
96	1194.000	-58.416	
96	1195.000	-58.477	
96	1196.000	-58.063	
96	1197.000	-57.441	
96	1198.000	-57.108	
96	1199.000	-57.477	
96	1200.000	-57.228	
96	1201.000	-57.423	
96	1202.000	-57.884	
96	1203.000	-59.611	
96	1204.000	-60.874	
96	1205.000	-60.978	
96	1206.000	-60.584	
96	1207.000	-60.374	
96	1208.000	-61.372	
96	1209.000	-62.006	
96	1210.000	-62.804	
96	1211.000	-62.895	
96	1212.000	-62.953	
96	1213.000	-62.473	
96	1214.000	-60.962	
96	1215.000	-60.995	
96	1216.000	-60.497	
96	1217.000	-60.700	
96	1218.000	-59.803	
96	1219.000	-59.736	
96	1220.000	-59.627	
96	1221.000	-59.803	
96	1222.000	-59.140	
96	1223.000	-58.199	
96	1224.000	-57.573	
96	1225.000	-57.354	
96	1226.000	-57.349	
96	1227.000	-57.407	
96	1228.000	-57.737	
96	1229.000	-57.192	
96	1230.000	-56.470	
96	1231.000	-57.105	
96	1232.000	-57.776	
96	1233.000	-59.437	
96	1234.000	-61.304	
96	1235.000	-63.673	
96	1236.000	-65.804	
96	1237.000	-66.005	
96	1238.000	-66.337	
96	1239.000	-66.441	
96	1240.000	-65.701	
96	1241.000	-65.003	
96	1242.000	-63.718	
96	1243.000	-62.396	
96	1244.000	-60.769	
96	1245.000	-60.216	
96	1246.000	-59.702	
96	1247.000	-58.534	
96	1248.000	-57.879	
96	1249.000	-58.086	
96	1250.000	-59.750	
96	1251.000	-61.302	
96	1252.000	-63.151	
96	1253.000	-63.995	
96	1254.000	-64.111	
96	1255.000	-64.193	
96	1256.000	-64.628	
96	1257.000	-64.278	
96	1258.000	-64.493	
96	1259.000	-63.712	
96	1260.000	-62.835	
96	1261.000	-62.284	
96	1262.000	-61.773	
96	1263.000	-60.072	
96	1264.000	-59.455	
96	1265.000	-58.816	
96	1266.000	-57.897	
96	1267.000	-57.161	
96	1268.000	-57.321	
96	1269.000	-56.896	
96	1270.000	-56.821	
96	1271.000	-56.441	
96	1272.000	-56.454	
96	1273.000	-56.348	
96	1274.000	-56.353	
96	1275.000	-56.402	
96	1276.000	-55.994	
96	1277.000	-55.220	
96	1278.000	-54.945	
96	1279.000	-54.660	
96	1280.000	-56.268	
96	1281.000	-59.312	
96	1282.000	-61.521	
96	1283.000	-62.997	
96	1284.000	-63.788	
96	1285.000	-64.697	
96	1286.000	-64.377	
96	1287.000	-64.095	
96	1288.000	-63.416	
96	1289.000	-62.640	
96	1290.000	-62.250	
96	1291.000	-61.656	
96	1292.000	-61.131	
96	1293.000	-60.823	
96	1294.000	-60.515	
96	1295.000	-61.571	
96	1296.000	-61.931	
96	1297.000	-61.504	
96	1298.000	-61.925	
96	1299.000	-62.186	
96	1300.000	-62.449	
96	1301.000	-62.706	
96	1302.000	-62.073	
96	1303.000	-61.730	
96	1304.000	-60.708	
96	1305.000	-60.178	
96	1306.000	-59.616	
96	1307.000	-58.374	
96	1308.000	-57.999	
96	1309.000	-57.493	
96	1310.000	-57.275	
96	1311.000	-58.617	
96	1312.000	-59.955	
96	1313.000	-60.960	
96	1314.000	-61.246	
96	1315.000	-60.083	
96	1316.000	-58.529	
96	1317.000	-58.398	
96	1318.000	-59.007	
96	1319.000	-60.178	
96	1320.000	-61.546	
96	1321.000	-63.670	
96	1322.000	-66.365	
96	1323.000	-68.314	
96	1324.000	-70.126	
96	1325.000	-70.540	
96	1326.000	-70.399	
96	1327.000	-69.926	
96	1328.000	-69.502	
96	1329.000	-68.885	
96	1330.000	-68.036	
96	1331.000	-67.075	
96	1332.000	-66.361	
96	1333.000	-65.840	
96	1334.000	-65.968	
96	1335.000	-66.447	
96	1336.000	-66.853	
96	1337.000	-66.605	
96	1338.000	-65.780	
96	1339.000	-64.354	
96	1340.000	-62.906	
96	1341.000	-62.006	
96	1342.000	-60.366	
96	1343.000	-59.772	
96	1344.000	-59.453	
96	1345.000	-58.672	
96	1346.000	-58.634	
96	1347.000	-58.306	
96	1348.000	-58.588	
96	1349.000	-59.506	
96	1350.000	-61.198	
96	1351.000	-63.048	
96	1352.000	-64.055	
96	1353.000	-65.035	
96	1354.000	-65.441	
96	1355.000	-65.391	
96	1356.000	-65.210	
96	1357.000	-64.803	
96	1358.000	-65.013	
96	1359.000	-64.308	
96	1360.000	-63.897	
96	1361.000	-63.393	
96	1362.000	-63.397	
96	1363.000	-62.750	
96	1364.000	-62.427	
96	1365.000	-62.350	
96	1366.000	-61.991	
96	1367.000	-61.156	
96	1368.000	-60.340	
96	1369.000	-60.527	
96	1370.000	-60.366	
96	1371.000	-59.922	
96	1372.000	-59.250	
96	1373.000	-60.164	
96	1374.000	-60.764	
96	1375.000	-61.478	
96	1376.000	-60.991	
96	1377.000	-60.248	
96	1378.000	-60.126	
96	1379.000	-60.046	
96	1380.000	-59.049	
96	1381.000	-58.138	
96	1382.000	-57.716	
96	1383.000	-58.600	
96	1384.000	-59.182	
96	1385.000	-60.081	
96	1386.000	-61.465	
96	1387.000	-62.341	
96	1388.000	-62.736	
96	1389.000	-62.006	
96	1390.000	-61.782	
96	1391.000	-61.016	
96	1392.000	-60.401	
96	1393.000	-59.418	
96	1394.000	-59.873	
96	1395.000	-61.005	
96	1396.000	-61.356	
96	1397.000	-61.598	
96	1398.000	-61.596	
96	1399.000	-62.028	
96	1400.000	-64.453	
96	1401.000	-66.416	
96	1402.000	-67.347	
96	1403.000	-66.302	
96	1404.000	-65.922	
96	1405.000	-67.099	
96	1406.000	-66.958	
96	1407.000	-68.404	
96	1408.000	-68.533	
96	1409.000	-67.654	
96	1410.000	-67.444	
96	1411.000	-67.711	
96	1412.000	-67.378	
96	1413.000	-67.351	
96	1414.000	-68.366	
96	1415.000	-68.913	
96	1416.000	-69.030	
96	1417.000	-68.462	
96	1418.000	-67.898	
96	1419.000	-66.688	
96	1420.000	-66.076	
96	1421.000	-64.995	
96	1422.000	-64.133	
96	1423.000	-63.896	
96	1424.000	-63.319	
96	1425.000	-62.245	
96	1426.000	-61.298	
96	1427.000	-60.134	
96	1428.000	-60.296	
96	1429.000	-61.310	
96	1430.000	-63.063	
96	1431.000	-64.950	
96	1432.000	-66.472	
96	1433.000	-67.130	
96	1434.000	-67.013	
96	1435.000	-67.084	
96	1436.000	-66.953	
96	1437.000	-66.483	
96	1438.000	-66.844	
96	1439.000	-66.811	
96	1440.000	-66.317	
96	1441.000	-65.560	
96	1442.000	-65.345	
96	1443.000	-64.619	
96	1444.000	-63.982	
96	1445.000	-63.730	
96	1446.000	-63.296	
96	1447.000	-63.169	
96	1448.000	-63.695	
96	1449.000	-63.439	
96	1450.000	-62.953	
96	1451.000	-62.555	
96	1452.000	-61.021	
96	1453.000	-60.604	
96	1454.000	-59.722	
96	1455.000	-58.918	
96	1456.000	-58.557	
96	1457.000	-59.495	
96	1458.000	-60.556	
96	1459.000	-61.403	
96	1460.000	-63.250	
96	1461.000	-64.022	
96	1462.000	-64.250	
96	1463.000	-64.507	
96	1464.000	-62.839	
96	1465.000	-62.273	
96	1466.000	-61.839	
96	1467.000	-62.043	
96	1468.000	-61.964	
96	1469.000	-61.578	
96	1470.000	-61.136	
96	1471.000	-61.112	
96	1472.000	-60.628	
96	1473.000	-60.337	
96	1474.000	-59.900	
96	1475.000	-59.521	
96	1476.000	-60.450	
96	1477.000	-61.369	
96	1478.000	-62.301	
96	1479.000	-62.703	
96	1480.000	-61.891	
96	1481.000	-62.574	
96	1482.000	-63.614	
96	1483.000	-64.077	
96	1484.000	-64.746	
96	1485.000	-63.892	
96	1486.000	-64.310	
96	1487.000	-64.785	
96	1488.000	-64.544	
96	1489.000	-64.910	
96	1490.000	-64.441	
96	1491.000	-64.706	
96	1492.000	-65.916	
96	1493.000	-67.135	
96	1494.000	-67.363	
96	1495.000	-67.018	
96	1496.000	-67.551	
96	1497.000	-67.355	
96	1498.000	-66.311	
96	1499.000	-65.742	
96	1500.000	-65.698	
96	1501.000	-65.363	
96	1502.000	-63.935	
96	1503.000	-64.765	
96	1504.000	-65.832	
96	1505.000	-66.437	
96	1506.000	-66.845	
96	1507.000	-68.315	
96	1508.000	-69.118	
96	1509.000	-69.505	
96	1510.000	-69.855	
96	1511.000	-70.260	
96	1512.000	-70.898	
96	1513.000	-70.960	
96	1514.000	-70.751	
96	1515.000	-69.754	
96	1516.000	-68.556	
96	1517.000	-68.254	
96	1518.000	-67.309	
96	1519.000	-66.357	
96	1520.000	-65.807	
96	1521.000	-64.609	
96	1522.000	-63.898	
96	1523.000	-63.310	
96	1524.000	-62.745	
96	1525.000	-61.924	
96	1526.000	-61.966	
96	1527.000	-61.361	
96	1528.000	-60.108	
96	1529.000	-58.904	
96	1530.000	-58.577	
96	1531.000	-60.686	
96	1532.000	-62.696	
96	1533.000	-63.087	
96	1534.000	-63.500	
96	1535.000	-63.508	
96	1536.000	-63.828	
96	1537.000	-64.206	
96	1538.000	-63.955	
96	1539.000	-64.328	
96	1540.000	-64.727	
96	1541.000	-65.462	
96	1542.000	-65.058	
96	1543.000	-63.515	
96	1544.000	-63.273	
96	1545.000	-62.742	
96	1546.000	-61.753	
96	1547.000	-61.051	
96	1548.000	-60.824	
96	1549.000	-60.888	
96	1550.000	-60.555	
96	1551.000	-60.674	
96	1552.000	-60.300	
96	1553.000	-60.198	
96	1554.000	-60.359	
96	1555.000	-59.482	
96	1556.000	-60.426	
96	1557.000	-60.923	
96	1558.000	-61.103	
96	1559.000	-61.200	
96	1560.000	-60.782	
96	1561.000	-61.089	
96	1562.000	-61.095	
96	1563.000	-62.410	
96	1564.000	-63.344	
96	1565.000	-63.873	
96	1566.000	-63.790	
96	1567.000	-64.287	
96	1568.000	-64.129	
96	1569.000	-62.747	
96	1570.000	-62.231	
96	1571.000	-62.338	
96	1572.000	-63.354	
96	1573.000	-64.120	
96	1574.000	-63.908	
96	1575.000	-64.337	
96	1576.000	-64.436	
96	1577.000	-64.121	
96	1578.000	-63.872	
96	1579.000	-62.804	
96	1580.000	-62.248	
96	1581.000	-61.150	
96	1582.000	-60.944	
96	1583.000	-61.839	
96	1584.000	-62.591	
96	1585.000	-62.951	
96	1586.000	-64.293	
96	1587.000	-65.268	
96	1588.000	-66.771	
96	1589.000	-68.004	
96	1590.000	-69.431	
96	1591.000	-70.344	
96	1592.000	-69.876	
96	1593.000	-69.148	
96	1594.000	-68.782	
96	1595.000	-68.343	
96	1596.000	-67.854	
96	1597.000	-67.481	
96	1598.000	-66.514	
96	1599.000	-65.742	
96	1600.000	-64.880	
96	1601.000	-64.602	
96	1602.000	-65.168	
96	1603.000	-65.410	
96	1604.000	-65.907	
96	1605.000	-65.524	
96	1606.000	-65.848	
96	1607.000	-66.133	
96	1608.000	-66.245	
96	1609.000	-66.237	
96	1610.000	-66.174	
96	1611.000	-65.444	
96	1612.000	-64.760	
96	1613.000	-64.111	
96	1614.000	-64.168	
96	1615.000	-64.278	
96	1616.000	-64.875	
96	1617.000	-64.532	
96	1618.000	-64.054	
96	1619.000	-63.536	
96	1620.000	-63.148	
96	1621.000	-63.028	
96	1622.000	-62.591	
96	1623.000	-61.973	
96	1624.000	-61.397	
96	1625.000	-60.699	
96	1626.000	-59.943	
96	1627.000	-59.121	
96	1628.000	-58.829	
96	1629.000	-59.741	
96	1630.000	-60.090	
96	1631.000	-60.379	
96	1632.000	-62.348	
96	1633.000	-65.511	
96	1634.000	-67.814	
96	1635.000	-69.068	
96	1636.000	-70.394	
96	1637.000	-71.213	
96	1638.000	-71.072	
96	1639.000	-70.603	
96	1640.000	-70.196	
96	1641.000	-68.992	
96	1642.000	-68.015	
96	1643.000	-67.824	
96	1644.000	-66.563	
96	1645.000	-65.954	
96	1646.000	-65.495	
96	1647.000	-64.044	
96	1648.000	-62.641	
96	1649.000	-61.915	
96	1650.000	-60.788	
96	1651.000	-59.470	
96	1652.000	-58.292	
96	1653.000	-57.985	
96	1654.000	-57.159	
96	1655.000	-57.014	
96	1656.000	-56.405	
96	1657.000	-55.798	
96	1658.000	-54.428	
96	1659.000	-53.464	
96	1660.000	-54.401	
96	1661.000	-56.439	
96	1662.000	-59.128	
96	1663.000	-61.694	
96	1664.000	-62.392	
96	1665.000	-62.888	
96	1666.000	-62.532	
96	1667.000	-62.072	
96	1668.000	-61.547	
96	1669.000	-60.923	
96	1670.000	-60.853	
96	1671.000	-59.956	
96	1672.000	-59.295	
96	1673.000	-58.349	
96	1674.000	-58.352	
96	1675.000	-57.689	
96	1676.000	-57.639	
96	1677.000	-57.189	
96	1678.000	-57.841	
96	1679.000	-59.049	
96	1680.000	-59.633	
96	1681.000	-60.325	
96	1682.000	-60.729	
96	1683.000	-61.651	
96	1684.000	-61.824	
96	1685.000	-63.530	
96	1686.000	-65.558	
96	1687.000	-67.021	
96	1688.000	-68.156	
96	1689.000	-68.484	
96	1690.000	-67.837	
96	1691.000	-67.689	
96	1692.000	-66.727	
96	1693.000	-66.267	
96	1694.000	-65.873	
96	1695.000	-66.208	
96	1696.000	-66.221	
96	1697.000	-66.033	
96	1698.000	-66.629	
96	1699.000	-67.073	
96	1700.000	-67.313	
96	1701.000	-66.984	
96	1702.000	-66.086	
96	1703.000	-65.755	
96	1704.000	-64.423	
96	1705.000	-63.347	
96	1706.000	-62.268	
96	1707.000	-61.817	
96	1708.000	-60.677	
96	1709.000	-60.097	
96	1710.000	-60.263	
96	1711.000	-59.336	
96	1712.000	-59.122	
96	1713.000	-59.694	
96	1714.000	-60.493	
96	1715.000	-61.261	
96	1716.000	-62.127	
96	1717.000	-62.339	
96	1718.000	-62.331	
96	1719.000	-62.485	
96	1720.000	-61.195	
96	1721.000	-60.641	
96	1722.000	-60.050	
96	1723.000	-59.912	
96	1724.000	-60.355	
96	1725.000	-61.253	
96	1726.000	-62.183	
96	1727.000	-62.519	
96	1728.000	-63.473	
96	1729.000	-63.843	
96	1730.000	-63.526	
96	1731.000	-63.680	
96	1732.000	-64.927	
96	1733.000	-65.732	
96	1734.000	-66.422	
96	1735.000	-67.140	
96	1736.000	-68.327	
96	1737.000	-69.672	
96	1738.000	-70.263	
96	1739.000	-70.061	
96	1740.000	-70.323	
96	1741.000	-69.602	
96	1742.000	-70.417	
96	1743.000	-71.271	
96	1744.000	-70.685	
96	1745.000	-69.978	
96	1746.000	-69.881	
96	1747.000	-70.409	
96	1748.000	-70.712	
96	1749.000	-71.572	
96	1750.000	-71.174	
96	1751.000	-70.145	
96	1752.000	-70.201	
96	1753.000	-69.950	
96	1754.000	-69.464	
96	1755.000	-67.788	
96	1756.000	-66.923	
96	1757.000	-66.859	
96	1758.000	-65.117	
96	1759.000	-64.424	
96	1760.000	-63.706	
96	1761.000	-63.159	
96	1762.000	-63.280	
96	1763.000	-64.698	
96	1764.000	-65.928	
96	1765.000	-65.238	
96	1766.000	-65.506	
96	1767.000	-65.874	
96	1768.000	-66.090	
96	1769.000	-66.675	
96	1770.000	-66.255	
96	1771.000	-65.875	
96	1772.000	-64.878	
96	1773.000	-65.293	
96	1774.000	-64.809	
96	1775.000	-64.596	
96	1776.000	-64.473	
96	1777.000	-63.915	
96	1778.000	-63.026	
96	1779.000	-62.285	
96	1780.000	-61.679	
96	1781.000	-61.319	
96	1782.000	-60.863	
96	1783.000	-59.698	
96	1784.000	-59.644	
96	1785.000	-59.255	
96	1786.000	-58.564	
96	1787.000	-59.484	
96	1788.000	-61.151	
96	1789.000	-64.004	
96	1790.000	-66.736	
96	1791.000	-68.255	
96	1792.000	-69.205	
96	1793.000	-69.379	
96	1794.000	-69.359	
96	1795.000	-68.625	
96	1796.000	-67.417	
96	1797.000	-66.258	
96	1798.000	-65.352	
96	1799.000	-65.465	
96	1800.000	-65.536	
96	1801.000	-64.393	
96	1802.000	-63.640	
96	1803.000	-62.705	
96	1804.000	-62.169	
96	1805.000	-62.364	
96	1806.000	-62.371	
96	1807.000	-62.173	
96	1808.000	-61.703	
96	1809.000	-61.384	
96	1810.000	-60.342	
96	1811.000	-60.023	
96	1812.000	-59.558	
96	1813.000	-58.922	
96	1814.000	-58.488	
96	1815.000	-60.047	
96	1816.000	-62.271	
96	1817.000	-63.603	
96	1818.000	-64.495	
96	1819.000	-66.333	
96	1820.000	-67.388	
96	1821.000	-68.376	
96	1822.000	-69.146	
96	1823.000	-69.828	
96	1824.000	-69.348	
96	1825.000	-68.260	
96	1826.000	-67.309	
96	1827.000	-66.826	
96	1828.000	-66.255	
96	1829.000	-65.450	
96	1830.000	-64.685	
96	1831.000	-63.901	
96	1832.000	-62.236	
96	1833.000	-61.019	
96	1834.000	-60.802	
96	1835.000	-60.496	
96	1836.000	-60.005	
96	1837.000	-60.457	
96	1838.000	-61.060	
96	1839.000	-63.049	
96	1840.000	-64.579	
96	1841.000	-65.737	
96	1842.000	-66.031	
96	1843.000	-66.004	
96	1844.000	-66.243	
96	1845.000	-66.029	
96	1846.000	-65.252	
96	1847.000	-64.748	
96	1848.000	-64.019	
96	1849.000	-63.497	
96	1850.000	-63.263	
96	1851.000	-62.542	
96	1852.000	-61.748	
96	1853.000	-61.363	
96	1854.000	-60.920	
96	1855.000	-60.297	
96	1856.000	-59.680	
96	1857.000	-59.755	
96	1858.000	-60.655	
96	1859.000	-61.154	
96	1860.000	-61.828	
96	1861.000	-62.529	
96	1862.000	-62.862	
96	1863.000	-61.969	
96	1864.000	-62.042	
96	1865.000	-62.829	
96	1866.000	-63.958	
96	1867.000	-64.520	
96	1868.000	-65.813	
96	1869.000	-66.212	
96	1870.000	-67.079	
96	1871.000	-67.843	
96	1872.000	-67.834	
96	1873.000	-67.366	
96	1874.000	-67.248	
96	1875.000	-66.613	
96	1876.000	-66.059	
96	1877.000	-64.856	
96	1878.000	-64.348	
96	1879.000	-63.144	
96	1880.000	-62.380	
96	1881.000	-61.749	
96	1882.000	-61.288	
96	1883.000	-61.152	
96	1884.000	-61.096	
96	1885.000	-62.524	
96	1886.000	-63.955	
96	1887.000	-65.757	
96	1888.000	-66.971	
96	1889.000	-68.378	
96	1890.000	-69.538	
96	1891.000	-69.751	
96	1892.000	-70.209	
96	1893.000	-70.409	
96	1894.000	-69.257	
96	1895.000	-68.374	
96	1896.000	-67.801	
96	1897.000	-68.213	
96	1898.000	-67.420	
96	1899.000	-65.827	
96	1900.000	-65.412	
96	1901.000	-64.996	
96	1902.000	-65.892	
96	1903.000	-65.785	
96	1904.000	-66.250	
96	1905.000	-66.447	
96	1906.000	-66.244	
96	1907.000	-66.525	
96	1908.000	-66.349	
96	1909.000	-66.053	
96	1910.000	-65.835	
96	1911.000	-65.011	
96	1912.000	-64.811	
96	1913.000	-65.394	
96	1914.000	-65.230	
96	1915.000	-64.309	
96	1916.000	-63.998	
96	1917.000	-63.697	
96	1918.000	-63.233	
96	1919.000	-62.838	
96	1920.000	-63.032	
96	1921.000	-63.578	
96	1922.000	-63.304	
96	1923.000	-63.824	
96	1924.000	-63.901	
96	1925.000	-64.157	
96	1926.000	-64.098	
96	1927.000	-64.891	
96	1928.000	-65.238	
96	1929.000	-65.474	
96	1930.000	-65.773	
96	1931.000	-66.626	
96	1932.000	-66.600	
96	1933.000	-67.214	
96	1934.000	-66.656	
96	1935.000	-66.043	
96	1936.000	-65.996	
96	1937.000	-65.333	
96	1938.000	-65.642	
96	1939.000	-66.805	
96	1940.000	-67.698	
96	1941.000	-68.658	
96	1942.000	-69.156	
96	1943.000	-69.901	
96	1944.000	-69.998	
96	1945.000	-68.775	
96	1946.000	-67.464	
96	1947.000	-66.911	
96	1948.000	-66.978	
96	1949.000	-66.261	
96	1950.000	-66.822	
96	1951.000	-67.752	
96	1952.000	-67.213	
96	1953.000	-66.537	
96	1954.000	-65.468	
96	1955.000	-64.442	
96	1956.000	-63.015	
96	1957.000	-61.941	
96	1958.000	-61.021	
96	1959.000	-59.491	
96	1960.000	-59.147	
96	1961.000	-59.455	
96	1962.000	-61.061	
96	1963.000	-64.260	
96	1964.000	-67.021	
96	1965.000	-69.822	
96	1966.000	-71.697	
96	1967.000	-71.898	
96	1968.000	-71.479	
96	1969.000	-71.728	
96	1970.000	-71.625	
96	1971.000	-71.687	
96	1972.000	-71.840	
96	1973.000	-70.866	
96	1974.000	-69.840	
96	1975.000	-68.222	
96	1976.000	-68.202	
96	1977.000	-67.143	
96	1978.000	-66.738	
96	1979.000	-66.541	
96	1980.000	-66.910	
96	1981.000	-66.746	
96	1982.000	-66.600	
96	1983.000	-66.090	
96	1984.000	-64.798	
96	1985.000	-64.544	
96	1986.000	-63.945	
96	1987.000	-64.145	
96	1988.000	-63.967	
96	1989.000	-64.127	
96	1990.000	-64.524	
96	1991.000	-64.910	
96	1992.000	-64.879	
96	1993.000	-65.326	
96	1994.000	-65.485	
96	1995.000	-64.702	
96	1996.000	-64.150	
96	1997.000	-64.020	
96	1998.000	-63.599	
96	1999.000	-63.405	
