0 0 23 4 0.354781816826
0 0 23 5 0.31535174109
0 0 4 5 0.254903966433
0 1 23 4 0.179640310354
0 1 23 5 0.342045938756
0 1 4 5 0.333812527515
0 2 23 4 0.210188116293
0 2 23 5 0.187877405136
0 2 4 5 0.201390706913
0 3 23 4 0.222809723176
0 3 23 5 0.317575916047
0 3 4 5 0.34392948264
1 0 23 4 0.33313995021
1 0 23 5 0.366317366323
1 0 4 5 0.355675112312
1 1 23 4 0.161006103509
1 1 23 5 0.409477196091
1 1 4 5 0.252530575303
1 2 23 4 0.260672728975
1 2 23 5 0.345100389984
1 2 4 5 0.282463680248
1 3 23 4 0.259806860477
1 3 23 5 0.25798145795
1 3 4 5 0.317883859545
2 0 23 4 0.259589200686
2 0 23 5 0.220669996206
2 0 4 5 0.145990344044
2 1 23 4 0.243687834322
2 1 23 5 0.297027875973
2 1 4 5 0.290375715066
2 2 23 4 0.314794134529
2 2 23 5 0.29412898456
2 2 4 5 0.275902536326
2 3 23 4 0.243636533102
2 3 23 5 0.321736948563
2 3 4 5 0.20356719395
2 3 4 5 0.20356719395
